0 0 -0.324789 0.00170007 -0.243738 0.00163574 -0.15988 0.00177199 -0.087355 0.00164093 -0.0143643 0.00170617 0.0608963 0.00150648 0.127353 0.00184736 0.207063 0.00178686 0.277499 0.00165847 0.353977 0.0017011
0 1 -0.329877 0.00132653 -0.286631 0.00122162 -0.224763 0.00145306 -0.156905 0.00146868 -0.0719117 0.00159212 0.0310668 0.00169487 0.126919 0.0015836 0.204485 0.00169492 0.272213 0.00138676 0.329418 0.00126705
0 2 -0.300735 0.00109887 -0.253834 0.00121722 -0.196825 0.00130366 -0.129779 0.00134089 -0.0639858 0.00140374 0.00952773 0.00134615 0.0778777 0.00139997 0.143811 0.00132207 0.203211 0.00123581 0.254878 0.00123061
0 3 -0.290454 0.00118971 -0.228098 0.00142164 -0.161773 0.00135078 -0.100752 0.00139287 -0.0348306 0.00141675 0.0374447 0.00136112 0.0975594 0.0013097 0.155299 0.00120917 0.206483 0.00127483 0.260829 0.00120782
0 4 -0.396256 0.00134283 -0.327035 0.00145856 -0.250055 0.00148681 -0.168771 0.00145912 -0.0863896 0.00152758 -0.00283264 0.00157917 0.0847187 0.00158785 0.17254 0.00158667 0.258815 0.001372 0.327416 0.00143732
0 5 -0.275096 0.00118326 -0.208186 0.00127547 -0.14174 0.00124933 -0.0751896 0.00143793 -0.00935879 0.00132246 0.0541767 0.00121516 0.119393 0.00138833 0.184048 0.00134463 0.249389 0.0012054 0.315244 0.00140189
0 6 -0.276097 0.00122452 -0.218943 0.00136229 -0.164305 0.00126857 -0.101311 0.00122485 -0.0439879 0.00118174 0.0135204 0.00140388 0.0654252 0.00128472 0.128222 0.00128677 0.191674 0.00119105 0.246579 0.00129159
0 7 -0.240867 0.0012747 -0.18437 0.00113678 -0.12551 0.00119826 -0.0736301 0.00123142 -0.0174803 0.00129324 0.039587 0.00108805 0.0946956 0.00121893 0.150474 0.00128364 0.203866 0.00111437 0.254775 0.00101644
0 8 -0.32925 0.00127041 -0.260125 0.00125315 -0.186538 0.00143217 -0.107637 0.00144885 -0.0348144 0.00136051 0.0467673 0.00139709 0.123137 0.00154181 0.19784 0.00142621 0.270453 0.00146747 0.343875 0.00148498
0 9 -0.372344 0.000996988 -0.325761 0.0012231 -0.249635 0.00138247 -0.161032 0.00146199 -0.0752027 0.001685 0.00388283 0.00147592 0.0903733 0.00149184 0.179983 0.00149257 0.27432 0.00140399 0.362197 0.00147665
0 10 -0.310012 0.00125766 -0.245733 0.00125203 -0.176229 0.00137973 -0.104198 0.00134976 -0.0328531 0.00147647 0.0393972 0.00142597 0.110471 0.00150079 0.177267 0.00126171 0.243842 0.00133256 0.302527 0.00120453
0 11 -0.250004 0.00136368 -0.190496 0.00134226 -0.1299 0.00144381 -0.0724911 0.00147474 -0.00802124 0.00161626 0.0533755 0.0014751 0.110987 0.00143647 0.169421 0.0014191 0.222044 0.0013161 0.284434 0.00150512
1 0 -0.292161 0.0013652 -0.236878 0.0013451 -0.171557 0.00144364 -0.107409 0.00136335 -0.0399257 0.00136649 0.027603 0.00126116 0.0968082 0.00139618 0.168521 0.00132268 0.239851 0.00134272 0.303933 0.00149373
1 1 -0.310328 0.00118448 -0.249883 0.00110782 -0.184216 0.00119364 -0.116152 0.00132316 -0.0389552 0.00140038 0.0521779 0.00130831 0.142965 0.00125077 0.219231 0.0011513 0.284826 0.00112651 0.342838 0.00110113
1 2 -0.298537 0.0010786 -0.231834 0.00113808 -0.162894 0.00116645 -0.088016 0.00112927 -0.0105899 0.00114781 0.0676389 0.00117301 0.145169 0.00114845 0.217959 0.00120879 0.281916 0.00107017 0.333614 0.000998796
1 3 -0.344708 0.00121871 -0.251833 0.00135568 -0.154946 0.0012802 -0.0637526 0.00122899 0.0232792 0.00138876 0.108394 0.00120576 0.185359 0.00130644 0.260681 0.00111048 0.327319 0.00110734 0.393123 0.000952206
1 4 -0.357765 0.00120749 -0.299075 0.00109314 -0.222558 0.00118506 -0.141377 0.0011967 -0.0571592 0.00126415 0.0352187 0.00122218 0.125094 0.00124683 0.215084 0.00119768 0.299099 0.00119449 0.371976 0.00126698
1 5 -0.32069 0.00120521 -0.254775 0.001231 -0.186864 0.00110754 -0.116847 0.00122665 -0.0450211 0.00122772 0.0297871 0.0011709 0.10346 0.00120644 0.177987 0.00114657 0.254419 0.00114793 0.325838 0.00116159
1 6 -0.362222 0.00117724 -0.302863 0.00123137 -0.234807 0.001114 -0.168089 0.0013055 -0.0953696 0.00118609 -0.0213371 0.00122409 0.0499876 0.00111981 0.122309 0.00117374 0.205437 0.00117752 0.293766 0.00141969
1 7 -0.281604 0.00114127 -0.2124 0.00129792 -0.150156 0.00125151 -0.0879214 0.00112195 -0.0284549 0.00113137 0.0318781 0.00108468 0.0903226 0.00109058 0.156684 0.00115783 0.221939 0.00103062 0.285238 0.00101173
1 8 -0.345539 0.00116447 -0.270747 0.00118579 -0.190275 0.00121433 -0.0993972 0.00127361 -0.00757053 0.00128443 0.0805486 0.00129834 0.167809 0.00116247 0.252278 0.00119588 0.339345 0.00110605 0.414622 0.00107327
1 9 -0.320113 0.00126197 -0.256204 0.00114703 -0.188905 0.00115653 -0.122195 0.00137351 -0.048861 0.00125956 0.0326437 0.00125984 0.108132 0.0013566 0.168603 0.00117778 0.231423 0.00112799 0.288756 0.00109382
1 10 -0.310603 0.00119445 -0.230984 0.001309 -0.154874 0.00116641 -0.0803963 0.0012815 -0.0105553 0.0012703 0.0614145 0.00120652 0.137305 0.00127107 0.211219 0.00125609 0.286803 0.00115422 0.357106 0.00116809
1 11 -0.298812 0.00137015 -0.23117 0.00139341 -0.170098 0.00132052 -0.116002 0.00128623 -0.0551048 0.00123315 0.00470084 0.00135653 0.0602557 0.00140791 0.114277 0.00131639 0.182127 0.00137392 0.26905 0.00144041
2 0 -0.251199 0.00139008 -0.194373 0.00158258 -0.139884 0.00124786 -0.0814203 0.0015199 -0.0233572 0.00147203 0.0338836 0.00151799 0.0865331 0.00145861 0.133651 0.00128105 0.183803 0.00138859 0.244619 0.00145181
2 1 -0.253452 0.00117878 -0.195297 0.00125245 -0.13781 0.00125516 -0.0863405 0.00130444 -0.0223068 0.00129995 0.0406528 0.00126638 0.101355 0.00112573 0.160217 0.00119666 0.211048 0.00127993 0.261752 0.00110277
2 2 -0.304867 0.00133176 -0.240059 0.00105749 -0.170111 0.00123119 -0.0957104 0.00124089 -0.0314888 0.00106698 0.0295594 0.00112731 0.0889557 0.00118092 0.153375 0.00121646 0.226118 0.00123258 0.292621 0.00118594
2 3 -0.338548 0.00115878 -0.263646 0.00113718 -0.180102 0.0012722 -0.0955283 0.00125066 -0.0104841 0.00130501 0.0760975 0.00122127 0.156528 0.00113958 0.234698 0.00115983 0.300959 0.00118547 0.360315 0.00107156
2 4 -0.30422 0.00122139 -0.256286 0.00122224 -0.204446 0.00118509 -0.148489 0.00115371 -0.0836738 0.00124615 -0.0126314 0.00121778 0.0584619 0.0010871 0.133736 0.001226 0.215239 0.00125014 0.306776 0.00118076
2 5 -0.362885 0.00121446 -0.298607 0.00113347 -0.228496 0.00113739 -0.150302 0.00122208 -0.0727331 0.00127646 0.00346486 0.00125136 0.0842134 0.00126699 0.176455 0.00131447 0.269891 0.00124012 0.361733 0.00123795
2 6 -0.312641 0.00110469 -0.256348 0.0011482 -0.206326 0.00114871 -0.152473 0.00113014 -0.0960213 0.00127682 -0.0263839 0.00137868 0.0532474 0.00133372 0.141119 0.0011214 0.225929 0.00120368 0.314811 0.0012442
2 7 -0.294225 0.00101088 -0.242829 0.00117981 -0.191194 0.0011989 -0.141865 0.00110302 -0.0830708 0.00111328 -0.0151114 0.00121746 0.0472177 0.0011326 0.104625 0.00115375 0.173655 0.00120265 0.240423 0.00109891
2 8 -0.314528 0.00111842 -0.252881 0.00109894 -0.178589 0.0011566 -0.10523 0.00113116 -0.0252365 0.00123455 0.0606076 0.00119128 0.144076 0.00135024 0.219948 0.00114107 0.28725 0.00117132 0.350821 0.000989438
2 9 -0.356943 0.0010215 -0.284752 0.00121874 -0.207567 0.00127095 -0.126266 0.00126737 -0.0551388 0.00132767 0.0170403 0.00129251 0.0997039 0.00132978 0.19474 0.001245 0.284009 0.00126575 0.36811 0.0011716
2 10 -0.392604 0.00116738 -0.308498 0.00140166 -0.215179 0.00140053 -0.12324 0.00133079 -0.0465124 0.00123524 0.0275156 0.00141092 0.104151 0.00124187 0.185371 0.00124522 0.271359 0.00119442 0.351657 0.0011718
2 11 -0.319155 0.00134772 -0.255745 0.00140906 -0.191236 0.00139606 -0.127173 0.00162276 -0.0563308 0.001516 0.00860873 0.00145495 0.0762258 0.00161974 0.149518 0.00161677 0.222378 0.00172915 0.294113 0.0013669
3 0 -0.322494 0.00199992 -0.255201 0.00174169 -0.183246 0.00160954 -0.112071 0.00179032 -0.0321718 0.00173802 0.0621007 0.00190586 0.152766 0.00160095 0.23726 0.00171621 0.310714 0.00154639 0.373657 0.00146532
3 1 -0.341987 0.00106692 -0.272706 0.00104143 -0.215878 0.00105182 -0.160629 0.00117762 -0.0979824 0.00112435 -0.0294233 0.00114512 0.0474863 0.00109197 0.124737 0.00110364 0.199512 0.00130377 0.275472 0.00105283
3 2 -0.358239 0.0011426 -0.285085 0.00122653 -0.20652 0.00121733 -0.127401 0.00121053 -0.0478294 0.00126315 0.0288004 0.00115721 0.102812 0.00120023 0.176108 0.00114353 0.247546 0.00103965 0.308766 0.00107982
3 3 -0.391568 0.00109175 -0.31443 0.00120526 -0.225711 0.00134106 -0.140492 0.00139894 -0.0508532 0.00108808 0.0357441 0.00106225 0.120419 0.00132758 0.205783 0.00122011 0.289342 0.00125573 0.364328 0.00104136
3 4 -0.23845 0.00116198 -0.17281 0.00109118 -0.11594 0.00120824 -0.0584232 0.00107505 -0.00241993 0.0011059 0.051242 0.00120608 0.106159 0.00112024 0.160826 0.00111294 0.225016 0.00121945 0.306491 0.00116256
3 5 -0.394463 0.00120198 -0.336794 0.00105901 -0.262632 0.00104018 -0.175707 0.00104119 -0.0901479 0.00138908 -0.000574391 0.00110689 0.096591 0.00133676 0.18888 0.00125904 0.279153 0.00113023 0.367113 0.00103116
3 6 -0.369511 0.00120065 -0.311848 0.00109499 -0.235403 0.00117871 -0.154945 0.00111128 -0.0813265 0.00134004 -0.000101502 0.00122653 0.0814988 0.00110741 0.162903 0.001192 0.246263 0.00113423 0.337421 0.00114774
3 7 -0.42331 0.00102645 -0.367747 0.00103121 -0.294856 0.00119131 -0.216259 0.00114642 -0.133927 0.00121907 -0.048103 0.00126366 0.0429767 0.00118199 0.133194 0.00121657 0.226151 0.00115568 0.321115 0.00119587
3 8 -0.414064 0.00110483 -0.338579 0.001116 -0.255605 0.00123462 -0.175351 0.00122594 -0.0935468 0.00114844 -0.00755921 0.00129586 0.0731401 0.00122138 0.14931 0.00121031 0.245567 0.00124372 0.351769 0.00112651
3 9 -0.399865 0.00129458 -0.331619 0.00113184 -0.261183 0.00120011 -0.179436 0.001323 -0.0986765 0.00106416 -0.0249538 0.00117593 0.0541794 0.00132894 0.13852 0.00125149 0.240102 0.00126259 0.357712 0.00123915
3 10 -0.424416 0.00104929 -0.364167 0.00114098 -0.297343 0.00113631 -0.215568 0.00127245 -0.119107 0.00136645 -0.0182221 0.00116286 0.0727252 0.00128292 0.156552 0.0011203 0.235247 0.00113478 0.320091 0.00114863
3 11 -0.303712 0.00177485 -0.233009 0.0016079 -0.156296 0.00207529 -0.0849228 0.00179715 -0.0183626 0.00188782 0.0406319 0.00164494 0.108389 0.00183057 0.180357 0.0016821 0.258123 0.00148108 0.324834 0.00179795
4 0 -0.261902 0.00210035 -0.213321 0.0018043 -0.158061 0.00198774 -0.102369 0.00159926 -0.0403737 0.00186764 0.0174542 0.00198368 0.0851921 0.00163688 0.147002 0.00158213 0.205999 0.00162608 0.27166 0.00152578
4 1 -0.33482 0.00132496 -0.26209 0.00139877 -0.193726 0.00137439 -0.118963 0.0015836 -0.0425276 0.0017607 0.0272514 0.00126303 0.0983377 0.0014748 0.165071 0.00132711 0.224604 0.00132121 0.290734 0.0012724
4 2 -0.292074 0.00118769 -0.240681 0.00107073 -0.187707 0.00117562 -0.132686 0.00129052 -0.0725597 0.00122166 -0.0061889 0.00124054 0.0548821 0.0012038 0.121382 0.00113931 0.18137 0.00107544 0.242185 0.00127567
4 3 -0.275197 0.00120333 -0.212638 0.00110077 -0.14269 0.00109565 -0.0813628 0.00105474 -0.0200602 0.00113326 0.0412358 0.00115583 0.0977442 0.00108377 0.15273 0.00110463 0.203318 0.00105658 0.255877 0.00102802
4 4 -0.313142 0.00104298 -0.254822 0.00109173 -0.197292 0.00113261 -0.137 0.00119749 -0.0679983 0.00116109 0.0083729 0.00114234 0.0863717 0.00113411 0.158995 0.00112616 0.230931 0.00123943 0.298801 0.00108473
4 5 -0.28295 0.00105522 -0.232867 0.00111582 -0.177695 0.00115911 -0.113015 0.00118372 -0.0324789 0.00113791 0.0507926 0.00127669 0.134261 0.00103253 0.200549 0.00109863 0.24811 0.000996769 0.287672 0.000919746
4 6 -0.35017 0.000979525 -0.263368 0.00112286 -0.178144 0.00120567 -0.0916545 0.00120476 -0.0106113 0.00115165 0.0761019 0.00104871 0.156884 0.00134767 0.236998 0.00111143 0.323873 0.00118729 0.401908 0.000997216
4 7 -0.329257 0.000974064 -0.282989 0.00107358 -0.22102 0.00114602 -0.148862 0.00118727 -0.0724143 0.0011543 0.00971877 0.00120869 0.0848418 0.00109372 0.160942 0.00109525 0.233569 0.00115154 0.301821 0.00116774
4 8 -0.317539 0.001099 -0.259846 0.00127754 -0.201255 0.00107118 -0.14285 0.00114621 -0.0773664 0.00107097 -0.0137767 0.00111351 0.0542522 0.00115423 0.122719 0.00123163 0.191675 0.00114838 0.269821 0.0010973
4 9 -0.413332 0.00111816 -0.320464 0.00132523 -0.224403 0.00125804 -0.131745 0.00109214 -0.0491741 0.00125292 0.0330785 0.00117279 0.11479 0.00125117 0.204186 0.00117491 0.296056 0.00122065 0.388997 0.000995983
4 10 -0.383459 0.00115809 -0.305328 0.00113644 -0.215514 0.00119841 -0.128317 0.00118669 -0.0419608 0.0013091 0.0394298 0.00121346 0.116922 0.00115445 0.195829 0.0012038 0.27748 0.00111523 0.347793 0.001159
4 11 -0.360805 0.00137867 -0.297084 0.00165165 -0.225085 0.00183591 -0.152859 0.0015736 -0.0842131 0.00181206 -0.0165193 0.00161706 0.0620238 0.00176507 0.155682 0.00221226 0.249726 0.00172668 0.329074 0.00164041
5 0 -0.316276 0.00183668 -0.26874 0.00144698 -0.205086 0.0019131 -0.137309 0.00163137 -0.068953 0.00168623 -0.000446181 0.00158722 0.0704846 0.00141678 0.135455 0.00161098 0.197449 0.00170179 0.261715 0.00141939
5 1 -0.365845 0.001347 -0.276464 0.00165802 -0.181667 0.00133085 -0.102297 0.00145396 -0.028828 0.00145682 0.038371 0.00127285 0.107026 0.00128089 0.1807 0.0015199 0.256407 0.0013681 0.324067 0.00120326
5 2 -0.287133 0.00116358 -0.23329 0.00119462 -0.169246 0.00114759 -0.10672 0.00116347 -0.0415551 0.00123194 0.0265846 0.00118213 0.096536 0.00113416 0.157906 0.00111095 0.220999 0.00117607 0.275948 0.00121275
5 3 -0.357515 0.00100555 -0.286697 0.00122264 -0.207832 0.00119144 -0.12377 0.00135445 -0.0324041 0.00144788 0.0628956 0.00121635 0.153985 0.00137854 0.242247 0.00124246 0.320772 0.00111812 0.391355 0.00115506
5 4 -0.367528 0.00114461 -0.300659 0.000972049 -0.227964 0.0010754 -0.149437 0.00116927 -0.0683612 0.00127469 0.025295 0.00116428 0.118286 0.00115429 0.204262 0.00118735 0.285239 0.00110082 0.359244 0.00109457
5 5 -0.350586 0.00114115 -0.280196 0.00119047 -0.204126 0.00111224 -0.124184 0.00117221 -0.0437029 0.00124552 0.0400996 0.00128411 0.119688 0.00108805 0.203831 0.00106123 0.282242 0.00116094 0.347962 0.00104953
5 6 -0.343919 0.00104782 -0.280782 0.000997049 -0.213318 0.00111309 -0.13393 0.00124417 -0.0516042 0.0011682 0.0392742 0.00122922 0.125801 0.00111104 0.205215 0.00120904 0.274017 0.00109401 0.345812 0.00107096
5 7 -0.404149 0.00104154 -0.330367 0.00126286 -0.251641 0.00128919 -0.169638 0.00119593 -0.0759712 0.00130215 0.0202426 0.00124093 0.113797 0.00123034 0.202229 0.00120263 0.284888 0.00122638 0.371131 0.00105803
5 8 -0.280487 0.00108538 -0.232004 0.00115124 -0.167658 0.00113678 -0.0950452 0.00126352 -0.0190885 0.00124518 0.0504011 0.00118954 0.116889 0.00120593 0.184676 0.00112805 0.247868 0.00115354 0.301443 0.00120602
5 9 -0.386699 0.00124169 -0.312695 0.00123146 -0.231534 0.00114085 -0.143031 0.00123668 -0.0489458 0.00135174 0.0423891 0.00122438 0.132708 0.00124263 0.213107 0.00118663 0.280884 0.00129435 0.344794 0.00103314
5 10 -0.265468 0.00138517 -0.203862 0.00145447 -0.145148 0.00123997 -0.0851765 0.00119772 -0.019475 0.0012711 0.0460889 0.00151658 0.105553 0.00119446 0.164336 0.00123886 0.215928 0.00119599 0.274771 0.0013754
5 11 -0.361563 0.0021865 -0.28682 0.00196495 -0.206399 0.00210082 -0.120496 0.00189299 -0.0274244 0.00228084 0.0726236 0.00211208 0.167214 0.00208532 0.250179 0.00212876 0.324993 0.00189864 0.38977 0.00141411
6 0 -0.300967 0.00248333 -0.241946 0.00215367 -0.16752 0.00245491 -0.0994377 0.00221094 -0.0220175 0.00211683 0.0555184 0.00276253 0.13526 0.00218291 0.210784 0.00210294 0.278819 0.00186737 0.342681 0.0019445
6 1 -0.303925 0.00131238 -0.253229 0.00158186 -0.204645 0.00133038 -0.136834 0.00139902 -0.0679273 0.00139427 0.00827065 0.00139999 0.0786834 0.0013192 0.149868 0.00130143 0.219677 0.00147011 0.289663 0.00131024
6 2 -0.266007 0.00113486 -0.217706 0.00125485 -0.162704 0.00129221 -0.101334 0.00127043 -0.0448872 0.00118289 0.0141019 0.00117685 0.077438 0.00135293 0.141131 0.00138585 0.198893 0.00124406 0.245485 0.0011636
6 3 -0.331331 0.00110159 -0.25707 0.00113388 -0.187085 0.00120697 -0.119434 0.00119681 -0.0504142 0.00143152 0.0189453 0.00126594 0.0852148 0.0014181 0.158371 0.00136704 0.246495 0.00120439 0.332957 0.00122403
6 4 -0.256236 0.00105523 -0.195384 0.00114055 -0.135007 0.00114347 -0.073178 0.0011665 -0.021585 0.00124354 0.0308051 0.00114603 0.0801094 0.0011047 0.134474 0.00120213 0.195613 0.00127318 0.25889 0.00122028
6 5 -0.311544 0.00102614 -0.247292 0.00115123 -0.17737 0.00128184 -0.10239 0.00119093 -0.0335058 0.0012852 0.0426943 0.00118368 0.109762 0.00121308 0.181414 0.0011263 0.248584 0.00114873 0.307223 0.00106376
6 6 -0.264578 0.00106585 -0.217241 0.000986542 -0.1596 0.00109224 -0.096301 0.00118719 -0.0372387 0.00118543 0.0330506 0.00114901 0.091654 0.00127722 0.145542 0.0012795 0.202956 0.00101988 0.259039 0.00109811
6 7 -0.27909 0.00109373 -0.210219 0.00108639 -0.147109 0.00112113 -0.086225 0.0012287 -0.0275043 0.00112487 0.0225046 0.00118222 0.081452 0.00116906 0.150587 0.00121674 0.227439 0.0012091 0.301562 0.00103974
6 8 -0.248533 0.0010318 -0.193325 0.00111303 -0.14159 0.0011135 -0.0857459 0.00111477 -0.0332668 0.00104224 0.0266953 0.00116948 0.0863402 0.00106779 0.145227 0.00108783 0.200225 0.000990047 0.258022 0.00105741
6 9 -0.295862 0.00101091 -0.245521 0.00101658 -0.191147 0.00118354 -0.127779 0.00115228 -0.0609147 0.00121226 0.00410647 0.00114014 0.0636522 0.00139421 0.137568 0.0012065 0.21965 0.00113966 0.304972 0.0011063
6 10 -0.301748 0.0012645 -0.253925 0.001232 -0.199053 0.00126024 -0.137288 0.00131603 -0.0665877 0.00141908 0.011139 0.00143217 0.0868467 0.00125917 0.158727 0.00124062 0.212754 0.00124699 0.260093 0.00123411
6 11 -0.302718 0.00149898 -0.226686 0.00163577 -0.154175 0.00187683 -0.0853362 0.00172299 -0.0159643 0.00192854 0.0424909 0.00175591 0.0989632 0.00172238 0.156916 0.0016161 0.223432 0.00151222 0.279253 0.00157424
7 0 -0.285638 0.00178723 -0.242624 0.00162308 -0.190332 0.00171081 -0.135959 0.00182371 -0.0717029 0.00198875 -0.0125153 0.00203991 0.0500225 0.00171412 0.110016 0.00199496 0.175988 0.00163807 0.226133 0.00148996
7 1 -0.293765 0.0013515 -0.249527 0.00145803 -0.191522 0.00130521 -0.12764 0.00145986 -0.0663568 0.0015097 -0.00739317 0.00148044 0.0569854 0.00136165 0.113665 0.00131863 0.16573 0.00127071 0.212683 0.00137527
7 2 -0.335387 0.00134731 -0.266193 0.00150873 -0.187197 0.00137609 -0.10575 0.00139032 -0.0358808 0.00135856 0.030996 0.00139049 0.0943659 0.00130598 0.174832 0.00139081 0.251258 0.00157695 0.315787 0.00123268
7 3 -0.344617 0.00131979 -0.274499 0.00139085 -0.195771 0.00131048 -0.112026 0.00133255 -0.0208688 0.00124199 0.0633118 0.00135748 0.148817 0.00132418 0.225622 0.00136319 0.299091 0.00114795 0.357667 0.00101687
7 4 -0.369077 0.00117376 -0.30758 0.00114774 -0.231191 0.0012183 -0.14437 0.00120406 -0.0680096 0.00132076 0.00598955 0.0012573 0.0736209 0.0012167 0.156135 0.00126098 0.233938 0.00129403 0.304402 0.00108994
7 5 -0.306417 0.0012883 -0.230552 0.00120054 -0.159278 0.00118126 -0.089106 0.00115733 -0.0210487 0.00121427 0.0541081 0.00117659 0.13254 0.00123018 0.201308 0.00124274 0.275086 0.00120366 0.343689 0.00119012
7 6 -0.265352 0.00108408 -0.205356 0.00117269 -0.148807 0.00113607 -0.0887762 0.00114683 -0.0344415 0.00109222 0.028916 0.00108578 0.085733 0.00105425 0.142418 0.00120083 0.204591 0.00104109 0.255596 0.00102951
7 7 -0.288866 0.00105633 -0.237787 0.0011706 -0.176042 0.00114228 -0.110791 0.00114311 -0.0419361 0.001197 0.0253289 0.00130238 0.0897924 0.00115583 0.154925 0.00110207 0.217661 0.00119863 0.277039 0.00106419
7 8 -0.299645 0.00122906 -0.250248 0.00124629 -0.194256 0.00129016 -0.117152 0.00134586 -0.0351191 0.0013864 0.0399398 0.00133999 0.114938 0.00138816 0.185861 0.00121839 0.244549 0.00115283 0.295365 0.00134119
7 9 -0.346994 0.00129119 -0.294052 0.00138382 -0.234303 0.0013436 -0.168512 0.00150459 -0.0856272 0.00153196 0.00898341 0.00147185 0.101062 0.00147073 0.180013 0.00147645 0.256012 0.00139971 0.347442 0.00140671
7 10 -0.347218 0.00144803 -0.277816 0.00146407 -0.201253 0.00153826 -0.123848 0.00157717 -0.0501369 0.00149731 0.015069 0.00156431 0.0880249 0.00150783 0.166665 0.00162881 0.248684 0.00162362 0.320955 0.00144544
7 11 -0.354455 0.00234281 -0.268479 0.0020022 -0.184054 0.00255495 -0.101698 0.00213991 -0.023579 0.00196827 0.045458 0.00195206 0.119802 0.00201814 0.18617 0.00216108 0.26238 0.00184839 0.338717 0.00210022
