0 0 -1.98856 0.00414925 -1.9073 0.00399293 -1.82204 0.00431773 -1.7564 0.00380464 -1.68124 0.00442053 -1.60339 0.00421551 -1.53539 0.00444798 -1.4554 0.00361288 -1.39047 0.004048 -1.30956 0.00369578
0 1 -1.9917 0.00358986 -1.95235 0.00318854 -1.89105 0.00341839 -1.8288 0.003396 -1.74271 0.00360037 -1.64079 0.00342791 -1.54858 0.00321552 -1.47347 0.0033818 -1.40521 0.00286631 -1.35053 0.00264047
0 2 -1.91407 0.00304001 -1.86179 0.00317443 -1.81255 0.0034236 -1.74714 0.00292205 -1.68516 0.00303328 -1.61481 0.00303493 -1.54794 0.00320992 -1.48982 0.00258024 -1.42837 0.00271717 -1.37991 0.00283841
0 3 -1.9408 0.00316373 -1.87623 0.00328532 -1.82038 0.00322778 -1.7497 0.00332427 -1.6918 0.00284019 -1.61684 0.00297451 -1.55564 0.00312703 -1.50107 0.00288252 -1.45254 0.00300796 -1.39038 0.00257227
0 4 -2.11295 0.00349248 -2.04121 0.003429 -1.95494 0.00349359 -1.87628 0.00345356 -1.79853 0.00338896 -1.71322 0.00322266 -1.62363 0.00281772 -1.53549 0.00302528 -1.44973 0.00313778 -1.37889 0.00308732
0 5 -1.97387 0.00291414 -1.90913 0.00331669 -1.84455 0.00335579 -1.78105 0.00358688 -1.71173 0.00323552 -1.64407 0.00312574 -1.58121 0.0033965 -1.51388 0.00305323 -1.45169 0.00278827 -1.38644 0.0032406
0 6 -1.97441 0.00298451 -1.91512 0.00335093 -1.85817 0.00311903 -1.79781 0.00294316 -1.7373 0.00286872 -1.68525 0.00305707 -1.6335 0.00277804 -1.56781 0.00281538 -1.50848 0.00275477 -1.45041 0.00286211
0 7 -1.91044 0.00305861 -1.84786 0.00295558 -1.7939 0.00296738 -1.73853 0.00283753 -1.6861 0.00291603 -1.63166 0.00283073 -1.57327 0.00267056 -1.51661 0.0028088 -1.46257 0.00261415 -1.41355 0.00257401
0 8 -1.99908 0.0031729 -1.93658 0.00307657 -1.86133 0.00328474 -1.78843 0.00316271 -1.71392 0.00320585 -1.63397 0.0031352 -1.55535 0.0029418 -1.48075 0.00301623 -1.41365 0.00291607 -1.34573 0.00257233
0 9 -2.06181 0.00295825 -2.01582 0.00329823 -1.94199 0.00324069 -1.84797 0.00309897 -1.75857 0.00318347 -1.68857 0.00314192 -1.59553 0.00301891 -1.50914 0.0028131 -1.41758 0.0030388 -1.32049 0.00245156
0 10 -1.96739 0.00355527 -1.90374 0.00320917 -1.83652 0.00331402 -1.76813 0.00299971 -1.70416 0.00301971 -1.63196 0.00313187 -1.55665 0.00310214 -1.49143 0.00293514 -1.42488 0.00284907 -1.36448 0.00246548
0 11 -1.89607 0.00329905 -1.8366 0.00355575 -1.77986 0.00390707 -1.72349 0.00362406 -1.66214 0.0036974 -1.59597 0.00322664 -1.54005 0.00321729 -1.48024 0.00362998 -1.42492 0.00293516 -1.36921 0.00327242
1 0 -1.95503 0.00419162 -1.89522 0.00366257 -1.82977 0.00406794 -1.76906 0.00360258 -1.69908 0.00388536 -1.63703 0.00332314 -1.56536 0.0034168 -1.49539 0.00308979 -1.42576 0.00381713 -1.36491 0.00355668
1 1 -1.99125 0.00325878 -1.93146 0.00303923 -1.86881 0.00305907 -1.79937 0.00358742 -1.72 0.00323466 -1.63014 0.00312484 -1.54399 0.00304858 -1.46645 0.00276298 -1.40639 0.00290926 -1.35185 0.00276506
1 2 -1.92663 0.00303116 -1.87093 0.00300892 -1.79707 0.00301781 -1.72104 0.00296495 -1.65624 0.00319246 -1.57217 0.00284559 -1.5049 0.00333351 -1.42876 0.00269112 -1.3642 0.00256191 -1.32296 0.00280602
1 3 -1.99029 0.00313185 -1.88928 0.00298086 -1.79382 0.00320306 -1.70326 0.00299261 -1.6245 0.00291863 -1.533 0.00276038 -1.4586 0.00274413 -1.39049 0.00262125 -1.32398 0.00266757 -1.25503 0.0021306
1 4 -2.02842 0.00303719 -1.97176 0.00312226 -1.89744 0.003079 -1.81261 0.00283497 -1.73126 0.0031266 -1.64001 0.00306208 -1.54924 0.00281822 -1.4673 0.0028827 -1.38179 0.00245467 -1.30852 0.00244967
1 5 -1.96394 0.00330054 -1.90457 0.00292852 -1.83714 0.00287056 -1.76237 0.00295353 -1.69081 0.00290179 -1.61724 0.00301241 -1.54555 0.00272688 -1.46933 0.00286609 -1.39221 0.00271958 -1.32471 0.00247291
1 6 -2.05052 0.00325852 -1.99704 0.00342389 -1.92313 0.00331776 -1.85851 0.00321351 -1.78742 0.00282347 -1.71145 0.00297227 -1.6455 0.00291225 -1.57019 0.00308446 -1.48844 0.00294857 -1.39516 0.00263517
1 7 -1.94842 0.00289277 -1.87836 0.00316827 -1.81311 0.00305772 -1.75514 0.0031203 -1.7007 0.00282746 -1.63868 0.00278651 -1.58303 0.00259776 -1.5173 0.00256087 -1.45353 0.00255175 -1.39279 0.0026034
1 8 -2.03104 0.00316314 -1.9655 0.00323913 -1.88216 0.00331142 -1.79356 0.00328852 -1.70231 0.0032445 -1.61096 0.00336563 -1.52696 0.00288786 -1.4491 0.00303773 -1.35991 0.00253229 -1.29354 0.00270016
1 9 -2.00162 0.00346749 -1.93068 0.00316767 -1.87201 0.00313364 -1.80452 0.00298081 -1.7259 0.00315059 -1.64656 0.00309453 -1.57813 0.00319497 -1.50905 0.00284454 -1.4518 0.00277918 -1.39001 0.00235762
1 10 -1.98931 0.00304912 -1.91773 0.00353664 -1.83275 0.00306257 -1.76365 0.0033167 -1.68788 0.00318459 -1.61092 0.00290998 -1.53853 0.00290567 -1.46274 0.00285694 -1.38917 0.00248269 -1.32454 0.00267356
1 11 -1.95921 0.00388603 -1.89053 0.00371423 -1.82913 0.00384973 -1.77922 0.00391192 -1.71668 0.00337061 -1.66186 0.00365172 -1.60737 0.00342868 -1.56272 0.00386549 -1.49471 0.00360439 -1.40827 0.00355801
2 0 -1.8666 0.00394926 -1.81749 0.00389333 -1.76769 0.00360229 -1.70444 0.00394834 -1.65636 0.00391419 -1.59189 0.00384792 -1.53841 0.00413994 -1.48892 0.00328179 -1.43946 0.0034126 -1.38019 0.00314142
2 1 -1.90935 0.0031877 -1.84109 0.00340431 -1.79029 0.00320992 -1.74059 0.00326928 -1.67691 0.00339358 -1.61981 0.00340969 -1.5539 0.00279917 -1.49639 0.00304029 -1.44242 0.00272926 -1.39548 0.00266599
2 2 -1.95523 0.00324964 -1.88838 0.00318855 -1.82305 0.00307203 -1.73754 0.00306776 -1.6791 0.00281621 -1.62117 0.00312855 -1.57062 0.00292005 -1.4958 0.0029522 -1.42976 0.00305631 -1.36492 0.00275593
2 3 -1.95099 0.00312083 -1.87029 0.00286407 -1.80139 0.00306202 -1.70659 0.0031115 -1.62615 0.00293341 -1.53879 0.00275448 -1.46001 0.00250373 -1.38281 0.00271217 -1.3196 0.00260852 -1.26306 0.00237154
2 4 -1.9752 0.00357499 -1.93245 0.00369941 -1.8737 0.00325714 -1.8178 0.00343345 -1.75223 0.00339549 -1.68084 0.00333884 -1.61145 0.00325746 -1.53186 0.00324852 -1.44396 0.00280676 -1.35445 0.00242256
2 5 -2.01298 0.00316274 -1.95233 0.00290752 -1.8863 0.00292938 -1.80801 0.00315374 -1.72863 0.00306738 -1.65706 0.0028016 -1.5776 0.00319248 -1.49188 0.00313926 -1.398 0.00279377 -1.31112 0.00236012
2 6 -1.98232 0.00300845 -1.92018 0.00327371 -1.87834 0.00322354 -1.82215 0.00308941 -1.76703 0.00277604 -1.69463 0.00303028 -1.61789 0.0029471 -1.52755 0.00258654 -1.44207 0.00272032 -1.35755 0.00261643
2 7 -1.90609 0.00272476 -1.85838 0.00283865 -1.80244 0.00304213 -1.75894 0.00271589 -1.70091 0.00287084 -1.63194 0.00300011 -1.57686 0.00276733 -1.51592 0.00270482 -1.44801 0.00261223 -1.39063 0.00262914
2 8 -1.96292 0.00286418 -1.9052 0.00297246 -1.82879 0.0028952 -1.75175 0.00262031 -1.67566 0.0027857 -1.59274 0.00262623 -1.51185 0.00316187 -1.43876 0.00267524 -1.37236 0.00241182 -1.30854 0.00227692
2 9 -2.0535 0.00305044 -1.98265 0.0031141 -1.89989 0.00335359 -1.82648 0.00296616 -1.74647 0.00310311 -1.68079 0.00319622 -1.59907 0.00333058 -1.50261 0.00296649 -1.41672 0.00267801 -1.33068 0.00271103
2 10 -2.0602 0.00311792 -1.97632 0.00336099 -1.8857 0.0034644 -1.79507 0.00320478 -1.71767 0.00309361 -1.65259 0.00329617 -1.57216 0.00279109 -1.49454 0.00277082 -1.4133 0.00276357 -1.33638 0.00244924
2 11 -1.94199 0.00365355 -1.87365 0.00374415 -1.80202 0.00373116 -1.74692 0.00335791 -1.67814 0.00355569 -1.60325 0.00326359 -1.54488 0.00361579 -1.47839 0.00358366 -1.40144 0.00324543 -1.33337 0.00296547
3 0 -2.00891 0.00514852 -1.94336 0.00431773 -1.86359 0.00407991 -1.79644 0.00489567 -1.71253 0.00432616 -1.62356 0.00458296 -1.52874 0.00406251 -1.44574 0.00432099 -1.38362 0.00353929 -1.31448 0.00391978
3 1 -1.9846 0.00312569 -1.91341 0.00312824 -1.86558 0.00309086 -1.81021 0.00343149 -1.74679 0.0033512 -1.67735 0.00318265 -1.59936 0.00310825 -1.5217 0.00302958 -1.44893 0.00350089 -1.37811 0.00283853
3 2 -2.00849 0.00307001 -1.93547 0.00314095 -1.85817 0.00320364 -1.78593 0.00335065 -1.70918 0.00314454 -1.62731 0.00286326 -1.55479 0.00270541 -1.48527 0.00277445 -1.41665 0.00254421 -1.35539 0.00260689
3 3 -2.04527 0.00312177 -1.96775 0.00282753 -1.88114 0.00312995 -1.79728 0.00344286 -1.70761 0.00292681 -1.62354 0.00270788 -1.53203 0.00286008 -1.44802 0.00260195 -1.37277 0.00272266 -1.30173 0.00231771
3 4 -1.93688 0.00298227 -1.87881 0.00291951 -1.82011 0.00299548 -1.76457 0.00279483 -1.7071 0.00294969 -1.65402 0.00319475 -1.60532 0.0031031 -1.54865 0.00288443 -1.47623 0.00260021 -1.39809 0.0024652
3 5 -2.05861 0.00333607 -1.9986 0.00307169 -1.92379 0.00294126 -1.8423 0.00282574 -1.75782 0.00338418 -1.66727 0.00314458 -1.57196 0.00313823 -1.47519 0.00289274 -1.38879 0.00285659 -1.29829 0.00268416
3 6 -2.03247 0.00332327 -1.97337 0.00307178 -1.89498 0.00303387 -1.82023 0.00314785 -1.74274 0.0030559 -1.66219 0.00297875 -1.58309 0.00293086 -1.4978 0.00281008 -1.41073 0.00234284 -1.32324 0.00240947
3 7 -2.09198 0.00301809 -2.03118 0.00301345 -1.96541 0.00316272 -1.88808 0.00324444 -1.80306 0.00302164 -1.71887 0.00307683 -1.62862 0.00294881 -1.53086 0.00285022 -1.44824 0.00301167 -1.35089 0.00298454
3 8 -2.06114 0.00295964 -1.98374 0.00333181 -1.90034 0.00302159 -1.82893 0.00293371 -1.73914 0.00280057 -1.65232 0.00300417 -1.57392 0.00305181 -1.49965 0.00327732 -1.40095 0.0029011 -1.29765 0.00245639
3 9 -2.09715 0.00347364 -2.02279 0.0034494 -1.95414 0.00325367 -1.87535 0.00321558 -1.79111 0.00300902 -1.72549 0.00319198 -1.64398 0.00316574 -1.55553 0.00295268 -1.45517 0.00298484 -1.34273 0.00301431
3 10 -2.05438 0.00311869 -2.00402 0.00350673 -1.93992 0.00329222 -1.85413 0.00327919 -1.75677 0.00315455 -1.65821 0.00281545 -1.57016 0.00312979 -1.49049 0.0030747 -1.41385 0.00291495 -1.32905 0.00271842
3 11 -1.98184 0.00452589 -1.90726 0.00450344 -1.8303 0.00478153 -1.76191 0.00440418 -1.69542 0.0051297 -1.63862 0.00494701 -1.57785 0.00460149 -1.49282 0.0036216 -1.42153 0.00416569 -1.35286 0.00404238
4 0 -1.92834 0.00446265 -1.87945 0.00505941 -1.82372 0.00500214 -1.77122 0.00459735 -1.70313 0.00437124 -1.64991 0.00470288 -1.58403 0.00466795 -1.52418 0.00393013 -1.47372 0.00418562 -1.41181 0.00417755
4 1 -2.03035 0.00367293 -1.96135 0.00352727 -1.88992 0.00367434 -1.81901 0.00366229 -1.73665 0.00348536 -1.66842 0.00364513 -1.59693 0.00302166 -1.52631 0.00313705 -1.46668 0.00337299 -1.40427 0.00294429
4 2 -1.99077 0.0033865 -1.93166 0.00310458 -1.88584 0.00310049 -1.82615 0.00338454 -1.76347 0.00275074 -1.69539 0.00305707 -1.63722 0.00302119 -1.56548 0.00278006 -1.50997 0.00293502 -1.44603 0.00293207
4 3 -1.95679 0.00308558 -1.88914 0.00319124 -1.81736 0.00315569 -1.75926 0.00310915 -1.6957 0.0029902 -1.63778 0.00335921 -1.58706 0.00339762 -1.52914 0.003388 -1.47375 0.00295104 -1.41459 0.00278707
4 4 -1.99241 0.00286543 -1.93553 0.00295829 -1.8803 0.00304318 -1.81587 0.00297292 -1.75043 0.00280436 -1.67921 0.00299436 -1.59424 0.00310392 -1.52523 0.00267541 -1.4487 0.00263446 -1.38936 0.00298409
4 5 -1.96285 0.00303927 -1.92845 0.00326841 -1.8607 0.00287997 -1.79999 0.00307464 -1.71696 0.00291642 -1.63348 0.00332196 -1.54657 0.00254011 -1.47987 0.0027804 -1.43135 0.00239842 -1.3885 0.00240832
4 6 -2.00781 0.00294136 -1.92164 0.00318473 -1.84527 0.00327806 -1.75146 0.00294513 -1.67984 0.00322165 -1.58552 0.00305762 -1.50989 0.00288445 -1.42769 0.00281976 -1.34671 0.0027354 -1.26931 0.00219838
4 7 -1.96267 0.00306528 -1.92276 0.00299529 -1.86298 0.00308697 -1.78884 0.00293877 -1.7145 0.00283057 -1.63421 0.00292717 -1.56071 0.00280998 -1.48444 0.00249343 -1.41218 0.00273404 -1.34919 0.00255043
4 8 -1.94663 0.00309006 -1.89055 0.00298737 -1.83478 0.00307043 -1.77818 0.00286864 -1.71069 0.00287407 -1.65157 0.00307334 -1.58662 0.0029005 -1.51455 0.00303774 -1.44498 0.00288837 -1.36747 0.00259138
4 9 -2.08758 0.00278835 -1.9929 0.00321139 -1.89669 0.00312865 -1.80088 0.0031006 -1.72549 0.00304814 -1.63973 0.00306751 -1.56194 0.00296406 -1.47537 0.00298996 -1.37412 0.00246815 -1.28181 0.00207613
4 10 -2.06365 0.00315409 -1.98039 0.00318988 -1.89558 0.00325144 -1.80799 0.0033117 -1.71937 0.00320603 -1.63933 0.00328477 -1.56099 0.00284417 -1.49051 0.00291962 -1.39992 0.00261189 -1.33309 0.00294196
4 11 -2.05845 0.00454667 -1.98176 0.00474472 -1.92051 0.00400927 -1.84254 0.0046748 -1.77972 0.0043492 -1.70226 0.00416719 -1.63127 0.00483437 -1.53709 0.00415793 -1.44101 0.0038308 -1.35576 0.00320356
5 0 -1.97354 0.00528903 -1.92233 0.00469841 -1.8557 0.00402681 -1.79333 0.00450843 -1.72536 0.00380235 -1.65407 0.0038204 -1.59272 0.00370203 -1.52093 0.00447813 -1.45667 0.004097 -1.3962 0.00323923
5 1 -2.02454 0.00358965 -1.93273 0.00332042 -1.83956 0.0034375 -1.75642 0.00343223 -1.68334 0.00299953 -1.62 0.00309637 -1.54952 0.00277423 -1.47595 0.00287673 -1.41078 0.00303533 -1.34187 0.00261447
5 2 -1.95788 0.00320739 -1.90765 0.00304951 -1.8416 0.00324827 -1.78848 0.00311096 -1.7218 0.00307098 -1.64945 0.00272455 -1.58411 0.00301613 -1.52074 0.00266942 -1.4561 0.00288572 -1.40635 0.00267353
5 3 -2.04528 0.00296556 -1.98013 0.00305626 -1.8974 0.00315999 -1.81721 0.00313861 -1.72541 0.00334647 -1.63393 0.00294965 -1.53966 0.00316256 -1.45112 0.00300472 -1.37487 0.00267589 -1.30173 0.00253172
5 4 -2.03432 0.00312402 -1.95769 0.00300464 -1.89032 0.00300883 -1.819 0.00329066 -1.73074 0.00324312 -1.63613 0.00322756 -1.54404 0.0029571 -1.46567 0.00315625 -1.38046 0.00274867 -1.30504 0.00278679
5 5 -2.02908 0.00306166 -1.95532 0.00307904 -1.87156 0.00274925 -1.79885 0.00298313 -1.71007 0.00272711 -1.63964 0.00284558 -1.55377 0.00280023 -1.47044 0.00246548 -1.39434 0.00241754 -1.33444 0.00251501
5 6 -2.02818 0.00305956 -1.97186 0.00304702 -1.90615 0.00324447 -1.8291 0.00335942 -1.7424 0.00293052 -1.65301 0.00309311 -1.57092 0.00280094 -1.49092 0.00307101 -1.42157 0.00267247 -1.3515 0.00258812
5 7 -2.08678 0.0030912 -2.014 0.0031001 -1.93537 0.00334268 -1.84785 0.00309232 -1.7548 0.0030833 -1.65884 0.00288211 -1.56503 0.00286174 -1.47763 0.00268935 -1.38973 0.00259753 -1.3036 0.00244753
5 8 -1.94562 0.00312864 -1.90697 0.00321495 -1.83686 0.00300024 -1.75776 0.00319006 -1.69236 0.00318976 -1.62045 0.00300247 -1.54937 0.00273783 -1.48632 0.00288283 -1.42414 0.00277608 -1.37346 0.00245292
5 9 -2.05943 0.00340011 -1.98331 0.00332155 -1.90247 0.00297845 -1.81048 0.00296813 -1.7169 0.00313086 -1.6262 0.00323497 -1.53787 0.00274495 -1.46182 0.00283397 -1.39392 0.00293252 -1.32837 0.00281179
5 10 -1.96963 0.0036075 -1.9086 0.00379255 -1.84679 0.00335676 -1.79625 0.00371488 -1.72248 0.00363805 -1.65775 0.00360965 -1.60408 0.00364626 -1.54582 0.00332692 -1.49431 0.00330243 -1.43604 0.00346034
5 11 -2.09364 0.00527834 -2.01313 0.00521943 -1.94196 0.00550271 -1.85047 0.00471034 -1.75177 0.0044753 -1.66389 0.00529277 -1.56339 0.00434156 -1.48238 0.0045853 -1.41374 0.00458136 -1.33654 0.00396085
6 0 -2.02574 0.00557306 -1.97499 0.00496052 -1.89703 0.00586826 -1.8351 0.00568398 -1.74923 0.00526029 -1.67363 0.00518499 -1.58828 0.00521448 -1.50106 0.004226 -1.43495 0.00440747 -1.37169 0.00425005
6 1 -1.98043 0.00362081 -1.93532 0.00348639 -1.87648 0.00364046 -1.82153 0.00379376 -1.75032 0.00363026 -1.66674 0.00323641 -1.60376 0.00369718 -1.52811 0.00307629 -1.45564 0.00319471 -1.38365 0.00325868
6 2 -1.92587 0.00308224 -1.87866 0.00323857 -1.82323 0.00326988 -1.76549 0.00332778 -1.6985 0.00305969 -1.65255 0.00315415 -1.58488 0.00309806 -1.51961 0.00310422 -1.46421 0.00301966 -1.42293 0.00336781
6 3 -2.00829 0.00314015 -1.92809 0.00313719 -1.86148 0.00335194 -1.79457 0.00302591 -1.72535 0.00314134 -1.65808 0.00308794 -1.59747 0.00321188 -1.52394 0.00278536 -1.44375 0.0026696 -1.36813 0.00286065
6 4 -1.95857 0.00325948 -1.88623 0.00323226 -1.83079 0.0033232 -1.76858 0.0031679 -1.7126 0.00316598 -1.66363 0.00309292 -1.6061 0.00310471 -1.55059 0.00297805 -1.50038 0.00314255 -1.43273 0.00309329
6 5 -1.97334 0.00312432 -1.90823 0.00298149 -1.83645 0.00285481 -1.76127 0.00301847 -1.69901 0.00308791 -1.62172 0.0027306 -1.5563 0.00267122 -1.48736 0.00264477 -1.42149 0.00305696 -1.35802 0.00219488
6 6 -1.94238 0.00309328 -1.89607 0.0030229 -1.83131 0.00285968 -1.77101 0.00317156 -1.71019 0.00319697 -1.64852 0.003084 -1.58747 0.00296651 -1.53496 0.00333213 -1.47621 0.00269129 -1.4197 0.00267204
6 7 -2.00476 0.00284776 -1.93405 0.00311353 -1.86777 0.00300922 -1.80765 0.0031589 -1.75267 0.0030519 -1.69279 0.00290875 -1.6377 0.00286368 -1.57332 0.00303489 -1.48502 0.00276791 -1.4138 0.00252199
6 8 -1.92579 0.0030706 -1.87509 0.0031129 -1.81483 0.00321463 -1.76873 0.00286036 -1.71426 0.00298628 -1.65418 0.00292362 -1.59746 0.00288314 -1.5393 0.00269003 -1.48005 0.00264578 -1.42792 0.00288515
6 9 -1.94125 0.00301146 -1.89851 0.00310825 -1.83945 0.00325656 -1.78244 0.00318097 -1.71444 0.00331634 -1.65528 0.00280155 -1.59973 0.00355362 -1.52258 0.00285137 -1.43744 0.00269147 -1.36482 0.00289525
6 10 -1.99738 0.00323997 -1.93822 0.00354677 -1.88711 0.0034909 -1.82169 0.00343868 -1.7529 0.00329515 -1.67576 0.00361337 -1.6042 0.00315237 -1.52637 0.00291168 -1.47187 0.00281612 -1.42105 0.00322124
6 11 -1.94762 0.0044799 -1.87388 0.00454477 -1.8088 0.00474481 -1.73626 0.00458562 -1.66196 0.00425297 -1.59807 0.00393478 -1.54099 0.00397125 -1.48547 0.00408301 -1.42715 0.00333171 -1.3709 0.00412119
7 0 -1.92422 0.00453339 -1.8869 0.0040707 -1.83756 0.00420519 -1.77482 0.00457495 -1.71767 0.00490154 -1.65607 0.00422325 -1.58869 0.0042456 -1.52988 0.003709 -1.47457 0.00409884 -1.42282 0.00380634
7 1 -1.93479 0.00345023 -1.88529 0.00365296 -1.83181 0.00330366 -1.76917 0.00383212 -1.7096 0.00340984 -1.65063 0.0034417 -1.58718 0.00337948 -1.52908 0.00273384 -1.47781 0.00277001 -1.43466 0.00291561
7 2 -2.03866 0.00311531 -1.97222 0.00320187 -1.89245 0.00315495 -1.81072 0.00313801 -1.74054 0.00314167 -1.67421 0.00316049 -1.61026 0.00303274 -1.52892 0.00307844 -1.4506 0.00287841 -1.38873 0.00283569
7 3 -2.01003 0.00309284 -1.93333 0.00350707 -1.85594 0.00306068 -1.781 0.00313838 -1.68868 0.00313472 -1.60503 0.00281563 -1.52222 0.00288381 -1.44468 0.00298359 -1.37447 0.00270857 -1.31386 0.00254405
7 4 -2.04685 0.00316894 -1.98854 0.00310333 -1.90704 0.0031753 -1.82211 0.00305286 -1.74857 0.00329461 -1.67501 0.00307948 -1.60642 0.00304395 -1.52419 0.00266832 -1.45529 0.00270717 -1.38637 0.00290784
7 5 -1.9855 0.00318612 -1.91021 0.00283912 -1.83334 0.00294849 -1.76753 0.0027794 -1.70527 0.00297309 -1.62385 0.0029177 -1.54902 0.00308334 -1.47582 0.00277445 -1.4057 0.00263109 -1.34722 0.00297722
7 6 -1.93924 0.00270732 -1.88737 0.0029602 -1.82969 0.00282867 -1.76887 0.00277455 -1.71892 0.00297402 -1.65162 0.00277168 -1.59287 0.00270937 -1.54195 0.00275006 -1.48304 0.00259791 -1.42813 0.00264262
7 7 -2.0244 0.00287483 -1.97096 0.00299592 -1.90897 0.00305104 -1.84802 0.00296163 -1.77492 0.00289154 -1.71525 0.00289526 -1.64749 0.00274636 -1.58726 0.00292022 -1.52378 0.00297489 -1.46953 0.00322992
7 8 -1.9689 0.00324841 -1.91929 0.00326663 -1.86161 0.00292149 -1.779 0.00315076 -1.70266 0.00308817 -1.62874 0.00287478 -1.54161 0.00280712 -1.47836 0.00274798 -1.41798 0.00255448 -1.37454 0.00278122
7 9 -2.03644 0.00363846 -1.98435 0.00350983 -1.92594 0.00340754 -1.85942 0.00318295 -1.77893 0.00348899 -1.68189 0.00340046 -1.58645 0.00306122 -1.51352 0.0032553 -1.43643 0.00279932 -1.3474 0.00264195
7 10 -2.0286 0.00385885 -1.95635 0.00350813 -1.88119 0.00322703 -1.80556 0.00325108 -1.73327 0.00345329 -1.6648 0.00354784 -1.5965 0.003473 -1.52072 0.00325428 -1.43978 0.00346922 -1.36236 0.00279725
7 11 -2.02543 0.0047539 -1.9297 0.00465083 -1.84899 0.00433484 -1.77277 0.00496916 -1.68893 0.00512914 -1.62258 0.00410838 -1.5464 0.00399667 -1.48763 0.00503929 -1.4124 0.00390671 -1.34253 0.00392645
