0 0 -0.324922 0.00506282 -0.24757 0.00492515 -0.163732 0.00536333 -0.099825 0.00481765 -0.0336356 0.00501066 0.0387485 0.00538318 0.108598 0.00581058 0.183706 0.00534802 0.249031 0.0053367 0.323728 0.00523422
0 1 -0.360849 0.0042993 -0.319872 0.00398889 -0.257234 0.00439423 -0.196832 0.00439307 -0.108726 0.00456783 -0.00604789 0.00451554 0.0912508 0.00438479 0.171779 0.00480763 0.237134 0.00455441 0.288014 0.00443366
0 2 -0.304558 0.00375955 -0.25801 0.00408371 -0.206165 0.00444309 -0.144712 0.00384933 -0.0774256 0.00445794 -0.00572921 0.00415911 0.0517128 0.00444927 0.114391 0.00405389 0.180651 0.0037794 0.229569 0.0041849
0 3 -0.28769 0.00406907 -0.231364 0.00415797 -0.171616 0.00423903 -0.0991501 0.00414062 -0.0432625 0.00449377 0.0368595 0.00431682 0.0941158 0.00439743 0.152105 0.00432733 0.193651 0.00437226 0.25487 0.00428166
0 4 -0.39192 0.00393653 -0.319419 0.00399465 -0.239859 0.00431516 -0.162122 0.00450569 -0.0917145 0.00420074 -0.00887867 0.00467701 0.0771724 0.00394134 0.155344 0.00429098 0.236715 0.004446 0.31132 0.0045592
0 5 -0.304966 0.00393546 -0.241552 0.00443626 -0.182963 0.00413806 -0.115616 0.00428966 -0.0513271 0.00414494 0.0182478 0.00399961 0.0768781 0.00423 0.146124 0.00417391 0.199112 0.00408318 0.266547 0.00422194
0 6 -0.300744 0.00362269 -0.238718 0.00415257 -0.185607 0.00390857 -0.13476 0.0038403 -0.0717014 0.00361172 -0.0281759 0.0043558 0.0253767 0.00403521 0.0862657 0.0042031 0.153023 0.00377016 0.204678 0.00404657
0 7 -0.248202 0.00379787 -0.18398 0.00336283 -0.130188 0.0038626 -0.0727631 0.00404192 -0.0339923 0.00399159 0.0312995 0.0036217 0.0866 0.00366149 0.146334 0.00385062 0.19096 0.00366441 0.245223 0.00388008
0 8 -0.352456 0.00389203 -0.29111 0.00386492 -0.219003 0.00425077 -0.148146 0.00421934 -0.0783387 0.00410831 -0.00182017 0.00438268 0.0769999 0.00428266 0.143986 0.00410781 0.212479 0.0041643 0.275218 0.00421002
0 9 -0.387313 0.00353607 -0.346854 0.00370127 -0.272541 0.00397806 -0.177339 0.00409735 -0.0878868 0.00397082 -0.0193748 0.00401082 0.0752454 0.00381609 0.159429 0.0040309 0.248333 0.00418522 0.344224 0.004022
0 10 -0.280336 0.00434146 -0.221766 0.00381832 -0.160742 0.00416283 -0.0961317 0.00390665 -0.0343348 0.00423995 0.0401736 0.00432891 0.11721 0.00420229 0.177783 0.00413468 0.239284 0.00405227 0.295159 0.00374669
0 11 -0.239924 0.00463129 -0.176776 0.00443862 -0.123402 0.00516122 -0.071747 0.004758 0.000490677 0.0050819 0.067091 0.00478243 0.12377 0.00497576 0.172171 0.00502769 0.231323 0.00454738 0.285491 0.00439845
1 0 -0.341272 0.00480538 -0.283505 0.0047255 -0.217007 0.00553853 -0.168305 0.00496025 -0.0918043 0.00446343 -0.0344334 0.0043484 0.0444752 0.0049307 0.119343 0.00431791 0.189722 0.00469659 0.253732 0.00490778
1 1 -0.384982 0.00403129 -0.325437 0.00369753 -0.272639 0.00360499 -0.202274 0.00423994 -0.115372 0.00447054 -0.0285909 0.00423148 0.0493792 0.00436238 0.122487 0.00417164 0.184273 0.00459454 0.237331 0.00422008
1 2 -0.303439 0.00394264 -0.240738 0.00389979 -0.171745 0.00402644 -0.085288 0.00410276 -0.013806 0.00410328 0.0657566 0.00390143 0.13412 0.00394432 0.220533 0.00375511 0.292316 0.00392943 0.333406 0.00393988
1 3 -0.367185 0.00408051 -0.267096 0.00390776 -0.166209 0.00408806 -0.0791732 0.00411641 -7.63456e-005 0.00437951 0.0965539 0.00413403 0.16808 0.00430879 0.236021 0.00412043 0.302528 0.00406356 0.375412 0.00355721
1 4 -0.34569 0.00411936 -0.292066 0.00382906 -0.21184 0.00402924 -0.125922 0.00368285 -0.0414882 0.00389821 0.0478321 0.00402564 0.143385 0.00405199 0.234894 0.00416441 0.319632 0.00372557 0.3964 0.00371817
1 5 -0.28041 0.00443086 -0.225937 0.00363833 -0.163419 0.00384707 -0.0828547 0.0044223 -0.0206431 0.00420541 0.055455 0.00429494 0.132204 0.00401944 0.204032 0.00419633 0.287888 0.0038371 0.345304 0.0036858
1 6 -0.387654 0.00407625 -0.332123 0.00401577 -0.255893 0.00409441 -0.185723 0.00418046 -0.109448 0.00393992 -0.0353002 0.00406513 0.031913 0.00420671 0.112041 0.00437606 0.198504 0.00449169 0.284209 0.0040484
1 7 -0.260406 0.00380251 -0.18729 0.00403075 -0.119879 0.00440959 -0.0614605 0.0040567 -0.00444353 0.00423133 0.0569575 0.00377785 0.114681 0.00399499 0.181131 0.00385788 0.246772 0.00358521 0.315884 0.00348295
1 8 -0.354476 0.00351845 -0.284731 0.00415305 -0.199684 0.0039973 -0.113514 0.00400176 -0.0224321 0.00436282 0.0661276 0.00440481 0.1491 0.00414925 0.226828 0.00386785 0.313513 0.00398283 0.38217 0.00372316
1 9 -0.298759 0.00454559 -0.232602 0.00399655 -0.176894 0.00392588 -0.105543 0.00385525 -0.0303973 0.0041048 0.0584769 0.00405067 0.115069 0.0040448 0.187584 0.00417511 0.244463 0.00404908 0.301462 0.00380948
1 10 -0.253452 0.00409584 -0.184986 0.00437496 -0.0953826 0.00390807 -0.0272028 0.00450731 0.0476702 0.00433931 0.123557 0.00415603 0.190647 0.00391832 0.271753 0.00423927 0.345221 0.00406112 0.409889 0.00415814
1 11 -0.347442 0.00470173 -0.285288 0.00455724 -0.219553 0.00485532 -0.168097 0.00524359 -0.11484 0.0047733 -0.0565289 0.00512133 -0.00223251 0.00524772 0.0440603 0.00507496 0.119779 0.00502671 0.20191 0.00510837
2 0 -0.228119 0.0047559 -0.166618 0.00499514 -0.118222 0.00478801 -0.0621868 0.00519783 -0.0102784 0.00466527 0.0583545 0.004875 0.108028 0.00536065 0.151355 0.00438879 0.207417 0.0047065 0.261422 0.00519683
2 1 -0.232954 0.00373741 -0.164665 0.00432519 -0.119419 0.00422296 -0.065301 0.00448159 -0.00677546 0.00430669 0.0476772 0.00452767 0.10704 0.00409583 0.165641 0.00407421 0.221905 0.00401308 0.257853 0.00358966
2 2 -0.249175 0.00391657 -0.187665 0.00393435 -0.121088 0.00382011 -0.0403771 0.0041313 0.0180917 0.00402336 0.0712307 0.00400829 0.124318 0.00367177 0.192528 0.00411071 0.263445 0.0039964 0.321585 0.00390763
2 3 -0.285512 0.00428252 -0.203555 0.00407748 -0.135505 0.00425428 -0.0396281 0.00433055 0.0433269 0.00377057 0.120568 0.00391285 0.204342 0.00391351 0.287807 0.00412431 0.347444 0.00390178 0.403652 0.00363198
2 4 -0.269159 0.00408002 -0.2226 0.00395744 -0.165115 0.00405621 -0.109865 0.00394749 -0.0443658 0.00408907 0.0237946 0.00426559 0.0907509 0.00398753 0.162881 0.00400894 0.254152 0.00351547 0.337482 0.00331106
2 5 -0.299042 0.00403178 -0.241777 0.00395557 -0.180361 0.0041188 -0.0984833 0.00411454 -0.0211109 0.00411126 0.0485475 0.00427273 0.125977 0.00412625 0.213542 0.00374724 0.299414 0.00379391 0.390951 0.00341032
2 6 -0.265371 0.00411909 -0.198995 0.00435405 -0.16738 0.00401212 -0.120055 0.0040296 -0.061695 0.00411502 0.00577287 0.0041207 0.0813547 0.00417956 0.159678 0.00379898 0.249408 0.00363056 0.323519 0.00377942
2 7 -0.183591 0.00365757 -0.138366 0.00406998 -0.0846781 0.00408047 -0.0383734 0.00405752 0.0218449 0.00401449 0.0880088 0.00420453 0.141237 0.00403268 0.203886 0.0043465 0.268421 0.00380505 0.324654 0.00369444
2 8 -0.205165 0.00400198 -0.150765 0.00401336 -0.0794742 0.00388129 0.00420375 0.00361278 0.0723915 0.00371401 0.157939 0.00370564 0.239672 0.00412697 0.313674 0.00382696 0.375718 0.00359524 0.443182 0.00348154
2 9 -0.288364 0.0040386 -0.214416 0.00412796 -0.137847 0.0040644 -0.0700207 0.00429284 0.0094389 0.00430882 0.0704857 0.00393972 0.147565 0.00377715 0.247554 0.00370919 0.331077 0.00361035 0.414677 0.00325821
2 10 -0.3494 0.00406358 -0.272134 0.00441477 -0.182845 0.0046282 -0.0977246 0.00449927 -0.0267202 0.00436431 0.0337919 0.00444297 0.1109 0.00408212 0.18696 0.00416542 0.269202 0.00373389 0.33377 0.00382704
2 11 -0.262991 0.00424997 -0.199796 0.00490173 -0.128857 0.00510919 -0.0703716 0.00445998 0.0030516 0.00524482 0.0733065 0.00480402 0.131608 0.00469098 0.209033 0.00542023 0.277203 0.00462942 0.351197 0.0045821
3 0 -0.344876 0.00620301 -0.288931 0.00564767 -0.219338 0.00500747 -0.137302 0.0061139 -0.0569468 0.00516116 0.0293089 0.00559766 0.118257 0.00563436 0.200001 0.00604045 0.256623 0.00523998 0.331932 0.00557282
3 1 -0.363614 0.00354122 -0.294275 0.00389412 -0.249984 0.00394844 -0.195402 0.00384319 -0.130831 0.00400921 -0.0630455 0.00368294 0.0117171 0.00381859 0.0940315 0.0038673 0.158475 0.00431081 0.229451 0.00401378
3 2 -0.350335 0.00365713 -0.274272 0.00403264 -0.196931 0.00412375 -0.133974 0.00401335 -0.0533041 0.00404435 0.0300524 0.00403685 0.102141 0.00382929 0.168387 0.00433839 0.237343 0.00385352 0.299147 0.00384163
3 3 -0.395896 0.00366624 -0.317775 0.00346899 -0.22715 0.00398949 -0.149536 0.00390185 -0.0576844 0.00394206 0.0240249 0.00367192 0.113791 0.0039131 0.194505 0.00378918 0.272266 0.00405342 0.34544 0.00388652
3 4 -0.307913 0.00392882 -0.249825 0.00391312 -0.185939 0.00374643 -0.127748 0.00364101 -0.0706913 0.00400057 -0.0195182 0.00391572 0.0329701 0.00421119 0.0919315 0.00371641 0.160359 0.00402924 0.236302 0.00388516
3 5 -0.397725 0.00400447 -0.339464 0.00382936 -0.270512 0.00362342 -0.188433 0.00383857 -0.102142 0.00403991 -0.0169291 0.00406014 0.0696321 0.00440017 0.17687 0.00407256 0.251153 0.00422855 0.343963 0.00377115
3 6 -0.397186 0.00389973 -0.341499 0.00370743 -0.265979 0.00381098 -0.193959 0.00392601 -0.109222 0.0041827 -0.0344311 0.00410468 0.0435542 0.00400628 0.124389 0.00397769 0.212284 0.00387154 0.301843 0.0042621
3 7 -0.447216 0.00360986 -0.391131 0.00385271 -0.32793 0.00388523 -0.249626 0.00398509 -0.16549 0.00388034 -0.0836289 0.00385074 -0.000704089 0.00405761 0.101144 0.00386231 0.170473 0.00392784 0.279692 0.00413945
3 8 -0.413532 0.00398422 -0.344325 0.00392151 -0.26131 0.00393926 -0.194139 0.00395164 -0.108863 0.00379691 -0.0274954 0.00402692 0.0542573 0.00424898 0.122367 0.0040385 0.217041 0.00405882 0.314472 0.00413862
3 9 -0.433542 0.00398855 -0.363035 0.0040373 -0.291986 0.00439389 -0.21585 0.00400153 -0.133083 0.00361855 -0.0686589 0.00399006 0.0126684 0.00422747 0.101767 0.00423075 0.205739 0.00420984 0.315247 0.00417877
3 10 -0.423699 0.00380333 -0.3749 0.00428551 -0.315371 0.00416432 -0.231099 0.00427065 -0.132401 0.00443338 -0.0333163 0.00421162 0.0531458 0.00395367 0.135531 0.00441065 0.207588 0.00409676 0.296991 0.0042287
3 11 -0.320458 0.00641529 -0.252484 0.00593007 -0.179747 0.0055266 -0.112 0.00558686 -0.0397035 0.00651014 0.0115254 0.00631916 0.0720268 0.00552873 0.161936 0.00533536 0.228351 0.00594379 0.30278 0.00562462
4 0 -0.195568 0.00527323 -0.143277 0.00688773 -0.0812136 0.0064283 -0.0385297 0.00681785 0.026104 0.00608057 0.0905506 0.00665704 0.160005 0.00629698 0.21944 0.00609541 0.27097 0.00598718 0.324121 0.00628188
4 1 -0.263213 0.00404247 -0.198242 0.00436248 -0.120259 0.004666 -0.0535401 0.00488477 0.0235663 0.00443823 0.0926127 0.00480599 0.159668 0.00407855 0.224411 0.00437884 0.281267 0.00476887 0.350163 0.00421854
4 2 -0.303991 0.00421569 -0.243366 0.00418201 -0.199659 0.00387502 -0.139332 0.00436222 -0.0744547 0.00382717 -0.0109662 0.00408489 0.0431701 0.00411784 0.119421 0.00397051 0.176618 0.00392628 0.240711 0.00420304
4 3 -0.229869 0.00365599 -0.166736 0.00383839 -0.0922802 0.00391333 -0.0379593 0.00426123 0.0267394 0.00383037 0.0867 0.00412803 0.135988 0.00419186 0.194293 0.00408938 0.238324 0.00404657 0.29325 0.00391193
4 4 -0.294627 0.00378853 -0.236269 0.00389922 -0.186321 0.00394548 -0.120343 0.00385549 -0.0602992 0.00384119 0.00994346 0.00394928 0.0898494 0.00405568 0.165208 0.00356292 0.241418 0.00372815 0.290183 0.00372995
4 5 -0.24356 0.00403402 -0.201907 0.00429214 -0.138822 0.00359968 -0.0777686 0.00380925 0.00541083 0.00382493 0.0888588 0.00421209 0.176794 0.00354196 0.241918 0.00376474 0.293351 0.00356177 0.325287 0.00345386
4 6 -0.35381 0.00356635 -0.264881 0.0038797 -0.186101 0.00415328 -0.0984414 0.00377121 -0.0224983 0.00408062 0.074232 0.00405357 0.148753 0.00410247 0.228251 0.00398969 0.312815 0.00384242 0.389962 0.00366526
4 7 -0.305299 0.00408992 -0.267475 0.00384443 -0.203937 0.00398905 -0.136518 0.0037677 -0.0586702 0.00374881 0.0227832 0.00418453 0.101589 0.00395053 0.176841 0.00366876 0.251595 0.00365713 0.317954 0.00395495
4 8 -0.270293 0.00368895 -0.219854 0.00404178 -0.166815 0.00410316 -0.110096 0.00398701 -0.0420801 0.0037494 0.0124816 0.00419423 0.0808696 0.00415063 0.152765 0.00418211 0.220301 0.00376266 0.295799 0.00371626
4 9 -0.364572 0.00364829 -0.271872 0.00389915 -0.176761 0.00432564 -0.0831017 0.00380566 -0.0143724 0.00400014 0.0707351 0.00382349 0.142368 0.00398619 0.233115 0.00413383 0.324284 0.00382861 0.418779 0.00321338
4 10 -0.359447 0.00384889 -0.27321 0.00434606 -0.193 0.00426772 -0.104912 0.00398566 -0.015894 0.00416156 0.0698705 0.00411473 0.138489 0.00377022 0.216463 0.00388275 0.304351 0.00367955 0.3701 0.00392259
4 11 -0.313664 0.0052081 -0.246367 0.00532694 -0.187038 0.00539932 -0.102728 0.00601086 -0.0464095 0.00656038 0.0260624 0.00520777 0.0951856 0.00552624 0.179999 0.00618264 0.276681 0.00502434 0.357739 0.00494867
5 0 -0.277642 0.00651896 -0.230311 0.00564447 -0.169239 0.00536113 -0.102354 0.00599911 -0.0385171 0.00473888 0.0281925 0.00513751 0.0883369 0.00603577 0.162132 0.00560694 0.22933 0.0056888 0.287576 0.00581322
5 1 -0.380037 0.00433789 -0.299571 0.00418024 -0.213087 0.00408705 -0.140985 0.00436259 -0.069646 0.00422694 -0.00548451 0.00408409 0.0576766 0.00393161 0.125048 0.00411731 0.188943 0.00468935 0.251505 0.00421026
5 2 -0.314879 0.00423948 -0.267045 0.00418316 -0.206422 0.0040844 -0.157874 0.00467493 -0.0942927 0.00425637 -0.0238035 0.00428167 0.0375942 0.00465496 0.107728 0.00431292 0.169029 0.00482582 0.216611 0.00460377
5 3 -0.441255 0.00362025 -0.37453 0.00407127 -0.295045 0.00386613 -0.21587 0.004004 -0.1263 0.00415419 -0.0415076 0.00409941 0.0541148 0.00443874 0.138572 0.00431896 0.213817 0.00402884 0.284765 0.00426452
5 4 -0.349736 0.00351888 -0.274049 0.00363172 -0.203873 0.00364899 -0.135126 0.00398583 -0.0452912 0.00431057 0.0448566 0.0039552 0.131887 0.00408085 0.211004 0.00425927 0.299226 0.00413006 0.366432 0.00424728
5 5 -0.398366 0.00372053 -0.324081 0.00404186 -0.246887 0.00361577 -0.17442 0.00387697 -0.0830729 0.00396262 -0.0169902 0.00400612 0.0711677 0.00402266 0.150601 0.00390112 0.224144 0.00395507 0.27766 0.0044061
5 6 -0.398483 0.00360998 -0.341347 0.00370711 -0.279487 0.00373823 -0.20507 0.00386026 -0.118852 0.00366773 -0.0295813 0.00409554 0.0511584 0.00366841 0.126486 0.00445341 0.194872 0.00402138 0.27112 0.00384768
5 7 -0.426406 0.00358547 -0.358971 0.00376117 -0.287281 0.00391238 -0.201552 0.00395664 -0.110645 0.0040387 -0.02501 0.00408561 0.065436 0.00401167 0.157853 0.00417869 0.2343 0.00369695 0.322571 0.00397725
5 8 -0.267284 0.00373446 -0.224214 0.00378151 -0.155188 0.00375784 -0.0789668 0.0039921 -0.0160931 0.00403851 0.0539997 0.00381748 0.126216 0.00380227 0.177937 0.00400262 0.241037 0.00380798 0.290179 0.00374151
5 9 -0.427438 0.00373398 -0.36156 0.00380374 -0.278412 0.00371961 -0.198217 0.0041295 -0.106739 0.0039855 -0.0156983 0.00422269 0.0667974 0.00414827 0.140572 0.00414513 0.205545 0.00447884 0.269581 0.00397238
5 10 -0.315499 0.00441755 -0.258354 0.00465184 -0.203328 0.00416259 -0.153675 0.00420442 -0.0825874 0.00448827 -0.0179904 0.00438928 0.0367528 0.00472534 0.0873233 0.00433777 0.139901 0.00430521 0.196427 0.00429127
5 11 -0.431689 0.00562473 -0.353772 0.00585889 -0.289894 0.00693288 -0.196986 0.00626171 -0.106321 0.006149 -0.020415 0.00631803 0.0770613 0.00565586 0.149299 0.00663811 0.219546 0.00663036 0.292688 0.00581992
6 0 -0.254654 0.00559521 -0.204729 0.00631954 -0.136404 0.00654831 -0.0835354 0.00705399 -0.00141355 0.00601422 0.0785545 0.00666494 0.154287 0.00637785 0.220788 0.00581175 0.300637 0.00547539 0.355165 0.00618589
6 1 -0.274712 0.00454051 -0.228955 0.00486711 -0.173957 0.00475757 -0.116346 0.00453769 -0.0387987 0.00493802 0.0365154 0.00466061 0.104713 0.00472746 0.17632 0.00428766 0.245999 0.00425253 0.313081 0.00443264
6 2 -0.233451 0.00384998 -0.185009 0.00420966 -0.131961 0.00439556 -0.0785685 0.00416635 -0.0158475 0.00412999 0.0253365 0.00390922 0.0958965 0.00421244 0.152983 0.00415869 0.210443 0.00412135 0.247876 0.00422937
6 3 -0.297828 0.00381306 -0.229579 0.00364071 -0.169317 0.00415229 -0.107894 0.00411456 -0.0485773 0.0041805 0.0216751 0.00432525 0.0731575 0.00424398 0.14704 0.0038153 0.22655 0.00366339 0.297961 0.00394979
6 4 -0.229614 0.00376226 -0.163908 0.00384702 -0.106617 0.003651 -0.047978 0.0037758 0.00215547 0.00402651 0.0416495 0.00383548 0.101128 0.00371869 0.154639 0.00377767 0.196549 0.00402692 0.256162 0.00395152
6 5 -0.267954 0.00413841 -0.197563 0.00417346 -0.123149 0.00430178 -0.0535817 0.00386272 0.0129394 0.00427846 0.0855314 0.0037312 0.153245 0.00376324 0.219257 0.00392965 0.288834 0.00413751 0.344 0.00348423
6 6 -0.267605 0.00405739 -0.224157 0.00376285 -0.167598 0.00380774 -0.10012 0.00397045 -0.0477003 0.00397446 0.00556064 0.00374532 0.0643529 0.00373544 0.124072 0.00428265 0.174454 0.00342786 0.22672 0.00357414
6 7 -0.229402 0.00346245 -0.164574 0.00371933 -0.100145 0.00377161 -0.0413439 0.00406322 0.00932259 0.00407009 0.0656709 0.00392873 0.112509 0.00358652 0.178659 0.0039548 0.259642 0.00368285 0.325274 0.00353177
6 8 -0.219364 0.00378919 -0.166194 0.00411867 -0.105419 0.00426516 -0.0618305 0.0038554 -0.00944994 0.00388213 0.0460101 0.0037788 0.101023 0.0038689 0.155672 0.00359453 0.218185 0.00353139 0.260799 0.00348112
6 9 -0.287524 0.00386151 -0.245829 0.00398645 -0.182298 0.00411209 -0.130531 0.00363901 -0.0678346 0.00385825 -0.00291316 0.00373275 0.052022 0.00438006 0.122067 0.00381968 0.211045 0.00382879 0.27932 0.00365782
6 10 -0.275724 0.00407569 -0.223015 0.00437954 -0.174037 0.00483138 -0.114069 0.00439316 -0.0469782 0.00433248 0.0219203 0.00469371 0.0978493 0.00412132 0.166971 0.00444026 0.216381 0.00443125 0.265632 0.0043167
6 11 -0.255626 0.00527047 -0.182313 0.00600754 -0.113924 0.00500054 -0.0438704 0.00574217 0.0339381 0.0052332 0.097113 0.00524313 0.14968 0.00522527 0.217163 0.00579613 0.259963 0.00493013 0.318236 0.00535996
7 0 -0.234538 0.00573509 -0.197059 0.00529995 -0.152721 0.00583349 -0.0891796 0.00529446 -0.0299272 0.00666358 0.0328911 0.00628527 0.0946504 0.00610183 0.147158 0.00563363 0.218995 0.00579817 0.257287 0.00525035
7 1 -0.247886 0.00468679 -0.194366 0.00451155 -0.146079 0.00454812 -0.0856715 0.00500032 -0.0224692 0.00456053 0.0371141 0.00487396 0.1044 0.00476902 0.170614 0.0041459 0.215023 0.00418439 0.253425 0.0044863
7 2 -0.316219 0.00393838 -0.250332 0.00396632 -0.180458 0.00382768 -0.0871246 0.00403771 -0.0221529 0.00414322 0.0408294 0.00406257 0.10881 0.00375218 0.185411 0.00404587 0.262569 0.00419388 0.322574 0.00412874
7 3 -0.351056 0.00426237 -0.273282 0.00462246 -0.199259 0.00392594 -0.128333 0.00388428 -0.0363052 0.00399321 0.0527344 0.00403761 0.131374 0.00387355 0.219519 0.00398963 0.281655 0.00367497 0.340701 0.00351691
7 4 -0.37756 0.00355573 -0.316858 0.00387458 -0.238858 0.0039781 -0.152342 0.0038107 -0.0751818 0.00412828 -0.00230941 0.0037844 0.0620724 0.00435891 0.145445 0.00366107 0.210635 0.00401351 0.27908 0.00421647
7 5 -0.281033 0.00398844 -0.200982 0.00379699 -0.128913 0.0038095 -0.0632877 0.00355906 0.00371897 0.00387194 0.0837738 0.00367268 0.157801 0.00385233 0.219993 0.0036516 0.295657 0.00356353 0.362303 0.00364325
7 6 -0.206091 0.00366564 -0.153728 0.00376449 -0.0977762 0.00369153 -0.0397009 0.00397852 0.011303 0.00388791 0.074354 0.00374313 0.132589 0.003704 0.180488 0.00372822 0.236474 0.00384565 0.293612 0.00405484
7 7 -0.272255 0.00376065 -0.213252 0.00381361 -0.153164 0.00381346 -0.0972295 0.00366817 -0.0218109 0.00368276 0.0321967 0.00355109 0.107325 0.0040497 0.169632 0.0038207 0.226543 0.00381061 0.277733 0.00377401
7 8 -0.30595 0.00390203 -0.257511 0.00411858 -0.19821 0.0038279 -0.108649 0.00376961 -0.0392481 0.00416852 0.0292071 0.00401725 0.1136 0.00404913 0.17813 0.00417983 0.238451 0.00401184 0.285776 0.00418183
7 9 -0.347913 0.00498748 -0.303374 0.00422548 -0.242136 0.00436623 -0.180579 0.00448501 -0.0985827 0.00472223 -0.00491891 0.0043193 0.0882881 0.00410759 0.163733 0.00439742 0.238489 0.00408574 0.324351 0.00404028
7 10 -0.340339 0.00455179 -0.271747 0.0040623 -0.198937 0.00433318 -0.127076 0.00434296 -0.0580007 0.00411726 0.0131036 0.00522481 0.0875401 0.00449553 0.159129 0.00481114 0.231541 0.00497294 0.31336 0.00425397
7 11 -0.34627 0.00554594 -0.244194 0.00583314 -0.16874 0.00552789 -0.0907331 0.00694448 -0.000629159 0.00667536 0.0554995 0.0052937 0.142621 0.00549862 0.195664 0.007511 0.273807 0.00603471 0.343659 0.00560763
