0 0 1.35445 0.00339843 1.43222 0.00353234 1.51535 0.00358687 1.58751 0.00360692 1.6535 0.00407485 1.72504 0.00389156 1.79269 0.00418526 1.86996 0.00432163 1.94124 0.00404143 2.01469 0.00406655
0 1 1.35806 0.00281772 1.40179 0.00261901 1.46646 0.00331464 1.53157 0.00293001 1.61577 0.00316835 1.72083 0.00325599 1.81903 0.00329132 1.90171 0.00380982 1.96484 0.00346029 2.01792 0.00343793
0 2 1.38384 0.00267503 1.42375 0.00271496 1.48317 0.00300498 1.54473 0.00299379 1.61533 0.00322207 1.68861 0.0032934 1.74602 0.00348365 1.8144 0.00310168 1.87711 0.00316977 1.92612 0.00312263
0 3 1.41727 0.00263378 1.47225 0.00289826 1.54025 0.00281393 1.60372 0.00307842 1.66862 0.003518 1.74392 0.00312464 1.79798 0.00332264 1.85967 0.00315944 1.90372 0.00330667 1.95613 0.00331317
0 4 1.32196 0.00270856 1.39189 0.00260366 1.46421 0.00292414 1.54528 0.0031254 1.62177 0.0031377 1.70401 0.00359578 1.78777 0.00341543 1.86835 0.00331537 1.95038 0.00342916 2.02532 0.00352354
0 5 1.39441 0.00298585 1.45939 0.00323926 1.51928 0.00298462 1.59013 0.00334402 1.65289 0.00307935 1.71851 0.00307022 1.77961 0.00322179 1.8469 0.00330544 1.90405 0.00317568 1.97206 0.00335974
0 6 1.41951 0.002351 1.47943 0.00312217 1.52767 0.0027166 1.58271 0.00293481 1.64183 0.00292967 1.69216 0.00312587 1.74372 0.00292158 1.80249 0.00325336 1.87186 0.00300751 1.92086 0.00317995
0 7 1.47255 0.00264983 1.52951 0.00256634 1.58809 0.00294158 1.64315 0.00294202 1.68621 0.0029365 1.75086 0.00278716 1.80602 0.00306243 1.86336 0.00302085 1.90986 0.0028598 1.96617 0.00293938
0 8 1.36523 0.00288333 1.43112 0.00255416 1.50458 0.0030545 1.58171 0.00304678 1.64705 0.00304725 1.72616 0.00306182 1.80294 0.00336502 1.86841 0.00320032 1.94618 0.00317075 2.01248 0.00314363
0 9 1.30141 0.00232264 1.34574 0.00258125 1.42361 0.00267263 1.51228 0.00295898 1.59921 0.00292611 1.67663 0.00328889 1.76446 0.00300172 1.85428 0.00315448 1.94564 0.00319251 2.03391 0.00329983
0 10 1.3977 0.00298356 1.4592 0.00275272 1.52199 0.00295853 1.58997 0.00281299 1.66035 0.00327475 1.73555 0.00322967 1.80869 0.00318306 1.87237 0.00297091 1.93349 0.00311763 1.98918 0.00322805
0 11 1.45524 0.00326245 1.51736 0.00315479 1.57536 0.00371888 1.62646 0.00366737 1.70222 0.00386039 1.76135 0.00370277 1.82046 0.00361448 1.86716 0.0038202 1.92319 0.00369583 1.98191 0.00330262
1 0 1.42173 0.00356974 1.47527 0.00326395 1.53925 0.00414805 1.59023 0.00366698 1.66223 0.00355994 1.72454 0.00312275 1.79715 0.00376537 1.87177 0.00339433 1.94137 0.00367665 2.00641 0.0037799
1 1 1.36022 0.00259398 1.42123 0.00251094 1.47699 0.00244091 1.54106 0.00305693 1.62594 0.00307121 1.71299 0.00293521 1.79206 0.00314563 1.86277 0.00319194 1.92942 0.00337978 1.98466 0.00318837
1 2 1.41916 0.00275356 1.48957 0.0028431 1.55519 0.00287605 1.63868 0.0031136 1.72055 0.00325345 1.79242 0.00294933 1.86725 0.00303958 1.94863 0.00298889 2.01725 0.00290684 2.06666 0.00296695
1 3 1.3662 0.00267883 1.45674 0.00309269 1.55551 0.00302975 1.64387 0.00303094 1.72974 0.0033114 1.81794 0.00325217 1.89134 0.00338338 1.96547 0.00316276 2.0298 0.00304487 2.096 0.002942
1 4 1.37173 0.00290882 1.42595 0.00238929 1.50979 0.00279658 1.58895 0.00258442 1.67464 0.00302113 1.7648 0.00295518 1.85819 0.00324114 1.95606 0.00315326 2.03925 0.0032197 2.1149 0.0031506
1 5 1.40038 0.00321458 1.46237 0.00262997 1.5245 0.0029274 1.60108 0.00314592 1.66334 0.00314381 1.73986 0.00312353 1.81868 0.00332034 1.88868 0.0031614 1.97123 0.00317148 2.03216 0.00316051
1 6 1.33412 0.00269015 1.39412 0.00244913 1.46345 0.00264996 1.53788 0.00282863 1.61642 0.00299909 1.6885 0.00315161 1.76183 0.0028972 1.83518 0.00320687 1.92154 0.00334061 2.00279 0.00328221
1 7 1.4601 0.00284278 1.53263 0.00281929 1.59564 0.00318789 1.65628 0.0029813 1.71616 0.00306309 1.77538 0.0028773 1.8352 0.00322236 1.90005 0.00315958 1.96497 0.00296792 2.03414 0.00275736
1 8 1.32469 0.00251459 1.4032 0.00311094 1.48674 0.0027183 1.57439 0.00295125 1.66751 0.00302523 1.75334 0.00309153 1.84099 0.00307737 1.92578 0.00289926 2.01218 0.00305052 2.09 0.00303426
1 9 1.43425 0.00313572 1.49476 0.00268989 1.55837 0.00283729 1.62903 0.00296019 1.6978 0.00304949 1.78757 0.00326132 1.85192 0.00317242 1.91659 0.00331002 1.97823 0.00311222 2.03164 0.00312767
1 10 1.45554 0.00283412 1.53166 0.00292728 1.61106 0.00292472 1.68759 0.00343591 1.75628 0.00338678 1.82689 0.00317697 1.8972 0.00300289 1.97718 0.0032134 2.05343 0.00322025 2.12405 0.00315178
1 11 1.42562 0.00339205 1.48479 0.00309032 1.54947 0.00337251 1.60191 0.00377018 1.65391 0.00340952 1.71341 0.0040068 1.76643 0.00400092 1.8231 0.00385084 1.89461 0.00417333 1.97547 0.0036892
2 0 1.44015 0.00310656 1.50972 0.00349771 1.56355 0.00354702 1.61241 0.00382973 1.67513 0.00354534 1.7368 0.00393115 1.78392 0.00407824 1.82658 0.00386693 1.88204 0.00354155 1.93731 0.00432063
2 1 1.4544 0.00294114 1.51152 0.002934 1.56693 0.00307253 1.62021 0.00329046 1.68001 0.00320373 1.73977 0.00349867 1.79584 0.00302234 1.85636 0.00324079 1.90931 0.00313772 1.95032 0.00318131
2 2 1.39909 0.00268699 1.46033 0.00273441 1.5335 0.00265864 1.60562 0.00296806 1.67212 0.00291225 1.72909 0.00287227 1.78979 0.00293869 1.85256 0.00296251 1.93041 0.00315007 1.99236 0.00321927
2 3 1.35617 0.0027216 1.43279 0.00285413 1.51479 0.00290201 1.6022 0.00308913 1.68983 0.00291828 1.76856 0.00304573 1.85477 0.00316601 1.93638 0.0033626 2.00006 0.00318146 2.05804 0.00292557
2 4 1.38729 0.00255983 1.4395 0.00274594 1.49023 0.00262256 1.54439 0.00262837 1.61163 0.00295174 1.68011 0.00328043 1.75333 0.00315679 1.82197 0.00288296 1.90819 0.00291455 1.99669 0.00280731
2 5 1.34106 0.00257663 1.40506 0.00288693 1.47278 0.00291007 1.55295 0.00284454 1.63072 0.00315097 1.70572 0.00318198 1.78486 0.00320518 1.88077 0.00299205 1.96813 0.00316657 2.06717 0.00300775
2 6 1.39358 0.00282236 1.45656 0.00305161 1.49636 0.00291237 1.54244 0.00278364 1.60459 0.00312779 1.67074 0.00308934 1.75267 0.00324323 1.83108 0.00294397 1.92346 0.00315274 2.00411 0.00306378
2 7 1.46858 0.00252788 1.51801 0.00291132 1.56718 0.00298997 1.61893 0.00299034 1.67996 0.00320175 1.74658 0.00316896 1.80691 0.00292404 1.86744 0.00316927 1.93143 0.00312408 1.99693 0.00293024
2 8 1.4369 0.00271338 1.494 0.00275685 1.56667 0.00266277 1.64617 0.00271714 1.71704 0.00285671 1.80491 0.00285959 1.89006 0.00311743 1.96597 0.00317677 2.0297 0.00313659 2.09793 0.00281381
2 9 1.38026 0.00255367 1.45153 0.00294262 1.52798 0.0029235 1.60846 0.00295758 1.67967 0.00308891 1.74738 0.00284937 1.83055 0.00303387 1.92864 0.00300129 2.01768 0.00310352 2.10462 0.00268407
2 10 1.33375 0.00284289 1.41163 0.00287534 1.50483 0.00321001 1.59281 0.00340901 1.66384 0.00316881 1.73161 0.00337976 1.80749 0.00314169 1.88686 0.00326014 1.97414 0.00308953 2.04418 0.00309825
2 11 1.40364 0.0030599 1.46462 0.00320368 1.53031 0.0033041 1.59697 0.00308043 1.67248 0.00374493 1.73305 0.00383264 1.80082 0.00369093 1.8858 0.00396683 1.95094 0.00374485 2.02861 0.00371612
3 0 1.34751 0.00476338 1.40514 0.00363327 1.47059 0.0035882 1.55753 0.00420327 1.63431 0.00386958 1.72743 0.00445559 1.81561 0.00413933 1.8999 0.00477076 1.97044 0.00408654 2.04344 0.00437154
3 1 1.33659 0.00224877 1.40786 0.00274777 1.45952 0.00276469 1.51288 0.00301535 1.57353 0.00280214 1.64186 0.00270749 1.7164 0.00282217 1.79916 0.00312125 1.86398 0.00314166 1.9397 0.00328005
3 2 1.36653 0.00255783 1.44329 0.00280938 1.52192 0.00289363 1.59147 0.00287385 1.67439 0.00304912 1.75129 0.00308569 1.8251 0.0028963 1.89508 0.00317127 1.96573 0.0030261 2.02563 0.00296407
3 3 1.30957 0.00245361 1.3853 0.00244038 1.47809 0.00300067 1.55404 0.00290313 1.64534 0.00267928 1.73121 0.00275655 1.81324 0.00312479 1.89497 0.00304326 1.98066 0.00304285 2.05399 0.00290282
3 4 1.40238 0.00278245 1.46471 0.00239952 1.5268 0.0026187 1.58704 0.00259348 1.64269 0.00260016 1.69383 0.00282729 1.75205 0.00302796 1.80834 0.00282811 1.8717 0.00308012 1.95209 0.00291073
3 5 1.2965 0.00271586 1.35386 0.00245111 1.42218 0.00238613 1.51205 0.00264898 1.59842 0.00301772 1.68328 0.00295695 1.77544 0.00306815 1.87464 0.00314387 1.95581 0.00299437 2.04506 0.00289929
3 6 1.32372 0.00276898 1.38056 0.00238434 1.45389 0.0026269 1.53115 0.0026059 1.61292 0.00310895 1.68591 0.00308298 1.76601 0.0028884 1.84291 0.00312826 1.92647 0.00322793 2.01762 0.00320313
3 7 1.25329 0.00214805 1.30228 0.00248685 1.37075 0.00249761 1.4513 0.00279679 1.53165 0.00278765 1.61568 0.00279718 1.70008 0.00287434 1.79418 0.00284925 1.87402 0.00309482 1.98143 0.00326269
3 8 1.27818 0.00275593 1.34379 0.00264674 1.42741 0.00270035 1.50343 0.00274838 1.58153 0.00283489 1.66162 0.00275848 1.74549 0.00292723 1.81301 0.00301798 1.9065 0.00301744 2.0058 0.00328483
3 9 1.30594 0.00239573 1.3717 0.00258427 1.44562 0.00296969 1.52337 0.00262565 1.60317 0.00253481 1.67591 0.00287079 1.75578 0.00308539 1.84047 0.0029487 1.94631 0.00316989 2.06172 0.00304657
3 10 1.30681 0.00250244 1.3601 0.00276069 1.42458 0.00281017 1.50266 0.00308306 1.59941 0.00318244 1.69671 0.00316397 1.78489 0.00318293 1.86637 0.00311541 1.94052 0.00299637 2.02597 0.00309937
3 11 1.38633 0.00495338 1.44933 0.00395322 1.52271 0.00400571 1.59616 0.00395251 1.66499 0.00450301 1.71874 0.00434872 1.78443 0.00383028 1.8626 0.00408439 1.93566 0.00417771 2.00496 0.00401763
4 0 1.47347 0.00425144 1.52736 0.00444685 1.59036 0.00455542 1.63628 0.00427896 1.6932 0.00416212 1.76363 0.00475202 1.83453 0.00478815 1.89579 0.00481105 1.95525 0.00393068 2.01259 0.00504349
4 1 1.42396 0.00256183 1.49213 0.00325802 1.5685 0.00349095 1.64051 0.00343432 1.71478 0.00373979 1.78589 0.00377783 1.85275 0.00334001 1.91645 0.00330054 1.97621 0.00361494 2.05006 0.00331464
4 2 1.42018 0.00312288 1.47321 0.00298887 1.52567 0.00302073 1.57998 0.00301842 1.64432 0.00324892 1.70648 0.00313593 1.76578 0.0032216 1.83654 0.00325172 1.89821 0.00307464 1.96008 0.00316965
4 3 1.43172 0.00253799 1.49049 0.00247751 1.56817 0.00286911 1.62536 0.00299621 1.68781 0.0029733 1.75196 0.00306821 1.80839 0.00319057 1.86476 0.00301938 1.9053 0.00315014 1.95764 0.00308244
4 4 1.40148 0.00283572 1.46528 0.0028368 1.5172 0.00282923 1.58114 0.00295863 1.64529 0.00305419 1.72019 0.00295435 1.79695 0.00290812 1.87459 0.00295885 1.95014 0.00298856 2.00785 0.00296498
4 5 1.44764 0.00270993 1.50619 0.00282438 1.55764 0.00264289 1.62202 0.00280862 1.70338 0.00278465 1.78776 0.00301526 1.8722 0.0027479 1.93704 0.0028454 1.98742 0.00299904 2.01793 0.00274351
4 6 1.33867 0.00225124 1.42697 0.002498 1.51281 0.00276432 1.59401 0.00250142 1.67699 0.00308385 1.7674 0.00303964 1.84417 0.00320457 1.92348 0.00316418 2.01221 0.00307967 2.09127 0.00317587
4 7 1.37486 0.00251643 1.41848 0.0025285 1.48382 0.00278012 1.55007 0.00268624 1.62655 0.00282773 1.7103 0.00309171 1.78905 0.00298322 1.86279 0.00279748 1.93664 0.00292773 2.00683 0.00315607
4 8 1.39567 0.00251997 1.45155 0.00293778 1.50756 0.00287222 1.56593 0.00271389 1.6304 0.00279678 1.68999 0.00286496 1.76094 0.00324221 1.82937 0.00316875 1.89447 0.00286699 1.9717 0.00287869
4 9 1.325 0.00229875 1.41706 0.00256076 1.51231 0.00300973 1.60233 0.00261836 1.67893 0.00282133 1.76099 0.0030662 1.83629 0.00314445 1.93002 0.0030725 2.01211 0.00310734 2.10753 0.00284546
4 10 1.35109 0.00268006 1.43203 0.00284847 1.51544 0.0030247 1.60828 0.00299833 1.69389 0.00313134 1.78042 0.00331625 1.84967 0.00304229 1.93462 0.0030898 2.01463 0.00309549 2.08467 0.0032036
4 11 1.3649 0.00322844 1.42135 0.00318297 1.4921 0.00368074 1.57112 0.00458376 1.63554 0.00498208 1.7015 0.00390634 1.77737 0.00447213 1.86216 0.00508467 1.96121 0.00382036 2.03859 0.00448275
5 0 1.40073 0.0046251 1.44523 0.00333639 1.50324 0.00409323 1.57487 0.00413053 1.64033 0.00382724 1.70428 0.00390042 1.77353 0.0044296 1.84033 0.0041605 1.90586 0.00446364 1.96724 0.00459525
5 1 1.31709 0.00284104 1.39395 0.0028418 1.48211 0.0029936 1.54984 0.00326555 1.62237 0.00322524 1.69029 0.00326693 1.75117 0.00323792 1.82081 0.00348984 1.89276 0.0036348 1.95509 0.00343003
5 2 1.37145 0.00291806 1.42434 0.00299161 1.48227 0.00323609 1.5399 0.00358381 1.60188 0.00327569 1.66911 0.00360412 1.7349 0.0035785 1.80202 0.00340492 1.86201 0.00392619 1.91199 0.00383027
5 3 1.29897 0.00214041 1.37097 0.00244456 1.44389 0.00236956 1.52804 0.00264656 1.61351 0.00338841 1.70338 0.00287033 1.79387 0.00335454 1.87663 0.00329444 1.95301 0.00307638 2.02204 0.00324294
5 4 1.32015 0.00238233 1.38852 0.00247759 1.46205 0.00262464 1.53886 0.00283127 1.62007 0.00309948 1.71283 0.0030066 1.80309 0.00332074 1.88956 0.00329549 1.97498 0.00322809 2.04265 0.00330714
5 5 1.33261 0.00220099 1.40416 0.00256446 1.47217 0.00252549 1.55216 0.00265888 1.63567 0.00277841 1.71607 0.00303447 1.79515 0.0029399 1.87563 0.00313987 1.95241 0.00320015 2.01355 0.00328082
5 6 1.33668 0.00229923 1.39747 0.00245757 1.45954 0.00236424 1.53624 0.00277443 1.6185 0.00272262 1.70847 0.00295241 1.7928 0.0027649 1.86566 0.00330925 1.93314 0.00316788 2.0111 0.0030605
5 7 1.29907 0.00226188 1.36806 0.00252225 1.44064 0.0027217 1.52213 0.00271332 1.61239 0.00272088 1.70097 0.00295609 1.791 0.00292747 1.88412 0.00304847 1.95619 0.00304186 2.04339 0.00291794
5 8 1.42891 0.00238889 1.47926 0.00277248 1.54402 0.0028276 1.61197 0.00312262 1.68853 0.00308039 1.75581 0.00289264 1.82464 0.00308356 1.88045 0.00331655 1.94568 0.0032447 1.99886 0.00295851
5 9 1.28817 0.00231923 1.35435 0.0025892 1.43912 0.002511 1.51755 0.00292245 1.6094 0.00283448 1.70183 0.00319999 1.78728 0.00316787 1.86473 0.00320376 1.93161 0.00320038 1.9932 0.00307262
5 10 1.43409 0.00298892 1.49051 0.00305185 1.54362 0.00299864 1.60391 0.00323697 1.66641 0.0031993 1.73029 0.0033944 1.79053 0.00343809 1.84182 0.00342345 1.895 0.0032576 1.9518 0.00350741
5 11 1.30712 0.00340368 1.37999 0.00349827 1.4486 0.00473299 1.54213 0.0041319 1.62657 0.00529932 1.72304 0.0040616 1.81739 0.00422883 1.89121 0.00540997 1.9669 0.00521468 2.02907 0.00458229
6 0 1.42681 0.00371291 1.48477 0.00470673 1.55311 0.00442083 1.6143 0.00487808 1.69149 0.00473156 1.77444 0.00520022 1.84722 0.00493062 1.90715 0.00539705 1.99258 0.00495041 2.04932 0.00486232
6 1 1.41411 0.00322087 1.46762 0.00346757 1.51253 0.00310874 1.58324 0.00319849 1.6583 0.00349349 1.73101 0.00380712 1.80373 0.00341524 1.87311 0.00344855 1.94104 0.0034402 2.00743 0.00338577
6 2 1.4359 0.00296602 1.48742 0.00273839 1.53907 0.00310158 1.59787 0.00305615 1.65096 0.0030563 1.70854 0.00291983 1.77255 0.00317294 1.8289 0.00335187 1.88978 0.00325161 1.93384 0.00302163
6 3 1.37891 0.00258837 1.44172 0.00255141 1.50683 0.00278614 1.57004 0.00294362 1.63005 0.00293404 1.70293 0.00301576 1.76091 0.00326096 1.83388 0.00305921 1.92195 0.00278878 2.00458 0.00294228
6 4 1.41515 0.00240399 1.47407 0.00263749 1.53465 0.0027623 1.59613 0.00274018 1.64384 0.00301949 1.68974 0.00285084 1.74425 0.00288398 1.80016 0.00301132 1.85415 0.00333348 1.91559 0.00316808
6 5 1.40922 0.00263195 1.47979 0.00297722 1.55213 0.00308595 1.6228 0.00279517 1.69576 0.00305604 1.76651 0.00300275 1.83624 0.00286818 1.90558 0.00290662 1.97492 0.00313783 2.02601 0.00283859
6 6 1.43336 0.00284403 1.47746 0.00277161 1.52907 0.00264812 1.59329 0.00302155 1.64544 0.0031241 1.70739 0.00291816 1.76494 0.0028754 1.82592 0.00301273 1.87648 0.0026738 1.92732 0.0028065
6 7 1.4297 0.00260673 1.4948 0.00243581 1.55822 0.00273638 1.62062 0.00281717 1.67662 0.00282478 1.72556 0.00298327 1.77986 0.00293575 1.8516 0.00307244 1.92624 0.00312943 1.99907 0.00278226
6 8 1.46154 0.00251422 1.52042 0.00273164 1.57037 0.00303894 1.62636 0.00287234 1.67558 0.00279917 1.73214 0.00274035 1.79055 0.00301435 1.84617 0.00275611 1.90519 0.00273421 1.95388 0.00271133
6 9 1.38042 0.00246064 1.42965 0.00276432 1.48843 0.00286839 1.54613 0.0027419 1.60888 0.00253744 1.68012 0.0030717 1.73801 0.00318763 1.80763 0.00312292 1.89225 0.0030562 1.97441 0.00283626
6 10 1.40454 0.00305409 1.44943 0.00302511 1.49801 0.00350963 1.56016 0.00345269 1.62923 0.00324214 1.69975 0.00348703 1.7801 0.00313862 1.84638 0.00344646 1.89709 0.00377348 1.94284 0.00321526
6 11 1.42266 0.00351378 1.49924 0.00411903 1.57457 0.00356361 1.64127 0.00415567 1.71473 0.00378733 1.77369 0.0042651 1.82795 0.00447234 1.8945 0.00483973 1.94694 0.0042209 2.00467 0.00407646
7 0 1.45194 0.00417931 1.49222 0.00411525 1.54005 0.00396598 1.59523 0.00373818 1.66138 0.00442511 1.72354 0.00491381 1.77929 0.00405286 1.83394 0.00468975 1.91461 0.00428561 1.95174 0.00378316
7 1 1.43924 0.00374486 1.48512 0.00293743 1.53518 0.00302151 1.60321 0.00315399 1.66589 0.0034144 1.72416 0.00360351 1.79026 0.00347217 1.85423 0.00324319 1.90149 0.00326172 1.94542 0.00347509
7 2 1.39489 0.00294725 1.46319 0.00284896 1.53436 0.00287574 1.62685 0.00312757 1.69327 0.00310436 1.75831 0.00283661 1.8272 0.00310084 1.90409 0.00310753 1.98036 0.003493 2.04437 0.00313259
7 3 1.3621 0.00293804 1.43176 0.00294743 1.50847 0.00310888 1.58775 0.00280577 1.67939 0.00300907 1.76895 0.00309842 1.85012 0.00303275 1.93576 0.00309345 2.00367 0.00285922 2.05918 0.00287815
7 4 1.33156 0.00222768 1.39723 0.00250287 1.4712 0.0026071 1.55899 0.00274097 1.63791 0.00292308 1.71013 0.0028381 1.7757 0.00311394 1.85964 0.00285407 1.93379 0.00306456 2.00355 0.00287084
7 5 1.42818 0.00268139 1.50898 0.00288779 1.57574 0.00271811 1.64552 0.00264003 1.71784 0.00303613 1.79242 0.0028492 1.86987 0.00302683 1.9271 0.0029048 2.00714 0.00297361 2.08428 0.00297878
7 6 1.4723 0.00256981 1.5332 0.00269266 1.58892 0.00276223 1.64704 0.00270062 1.7034 0.00269366 1.7623 0.00282565 1.82055 0.00265699 1.87488 0.00291813 1.93626 0.00280477 1.99046 0.00289605
7 7 1.44403 0.00244891 1.50172 0.00265514 1.5631 0.00286059 1.62415 0.00253711 1.69678 0.00279286 1.75859 0.00288552 1.83314 0.00308913 1.89953 0.00283919 1.95914 0.00303889 2.0153 0.00290848
7 8 1.4254 0.00282392 1.47784 0.00288797 1.53254 0.00280038 1.61686 0.00290799 1.69274 0.00293465 1.7625 0.00284942 1.83641 0.00301697 1.90731 0.00293346 1.96536 0.00306179 2.02017 0.00331925
7 9 1.37284 0.00367906 1.41683 0.00299833 1.47721 0.00323379 1.5436 0.00338404 1.62477 0.00368135 1.71891 0.00330041 1.80812 0.00336645 1.88986 0.00358818 1.96236 0.00327471 2.05189 0.0033683
7 10 1.35005 0.00333954 1.41191 0.00310151 1.48985 0.0033142 1.56373 0.00312826 1.63437 0.00304186 1.70534 0.00408016 1.77893 0.00343031 1.8565 0.00380745 1.93282 0.00351553 2.00608 0.00347321
7 11 1.33752 0.0043467 1.43011 0.00413161 1.51012 0.00373139 1.59514 0.00427894 1.6778 0.00455217 1.73926 0.00482508 1.82548 0.00453551 1.88556 0.0059162 1.96566 0.00449065 2.04372 0.00492979
