 0 0 0.377375 0.0262001
 0 1 0.371902 0.0258209
 0 2 0.379524 0.0263316
 0 3 0.363226 0.0243076
 0 4 0.364215 0.0241331
 0 5 0.353738 0.0248905
 0 6 0.349226 0.0235154
 0 7 0.350706 0.0243016
 0 8 0.347673 0.0238511
 0 9 0.348992 0.0234714
 0 10 0.352669 0.0244677
 0 11 0.351373 0.0253191
 1 0 0.354634 0.0247594
 1 1 0.359076 0.024515
 1 2 0.364245 0.0251408
 1 3 0.384606 0.0272602
 1 4 0.352225 0.0238863
 1 5 0.361836 0.0251626
 1 6 0.378879 0.0264678
 1 7 0.355461 0.0251499
 1 8 0.3509 0.0245703
 1 9 0.359015 0.0251451
 1 10 0.363827 0.0253983
 1 11 0.371018 0.0262651
 2 0 0.348906 0.0251384
 2 1 0.362987 0.0249594
 2 2 0.349492 0.02485
 2 3 0.343928 0.023948
 2 4 0.371564 0.0261791
 2 5 0.370112 0.025587
 2 6 0.372949 0.0257068
 2 7 0.360744 0.0248508
 2 8 0.350862 0.0241937
 2 9 0.357023 0.0244136
 2 10 0.379333 0.0267108
 2 11 0.376342 0.0274549
 3 0 0.356751 0.0251957
 3 1 0.34702 0.0238862
 3 2 0.363104 0.0256861
 3 3 0.349003 0.0239176
 3 4 0.345732 0.0240391
 3 5 0.353526 0.0239502
 3 6 0.354194 0.0236845
 3 7 0.36378 0.0253497
 3 8 0.362857 0.0250303
 3 9 0.355247 0.0239544
 3 10 0.350525 0.02386
 3 11 0.354673 0.0251585
 4 0 0.365346 0.0257636
 4 1 0.363729 0.0261553
 4 2 0.357994 0.0254168
 4 3 0.37172 0.0259771
 4 4 0.359531 0.0254614
 4 5 0.35815 0.0251859
 4 6 0.355439 0.0249737
 4 7 0.35614 0.0252945
 4 8 0.364348 0.0261528
 4 9 0.356578 0.0248444
 4 10 0.378822 0.0272061
 4 11 0.373359 0.0262669
 5 0 0.361454 0.0254938
 5 1 0.35596 0.025235
 5 2 0.361824 0.0256497
 5 3 0.364411 0.0258511
 5 4 0.363006 0.0254393
 5 5 0.3495 0.0240981
 5 6 0.355115 0.0244577
 5 7 0.362469 0.0255545
 5 8 0.370739 0.025904
 5 9 0.35967 0.0257307
 5 10 0.346209 0.0244966
 5 11 0.37502 0.0259619
 6 0 0.362115 0.0262014
 6 1 0.363902 0.0265834
 6 2 0.36695 0.0262964
 6 3 0.364742 0.0254374
 6 4 0.375444 0.0269808
 6 5 0.37028 0.0266224
 6 6 0.38193 0.0266296
 6 7 0.379754 0.0278198
 6 8 0.351992 0.0244951
 6 9 0.359937 0.0263139
 6 10 0.379031 0.0270635
 6 11 0.345048 0.0245853
 7 0 0.360914 0.027459
 7 1 0.36816 0.0265039
 7 2 0.363774 0.0261062
 7 3 0.374228 0.0261998
 7 4 0.366719 0.0269301
 7 5 0.356962 0.0253121
 7 6 0.359499 0.0261204
 7 7 0.363789 0.0263882
 7 8 0.376979 0.0267573
 7 9 0.368345 0.0268449
 7 10 0.35289 0.0256174
 7 11 0.36093 0.025589
