 0 0 0.0683016 0.00474571
 0 1 0.0683707 0.00475514
 0 2 0.0693946 0.00481943
 0 3 0.0666768 0.00446689
 0 4 0.0652238 0.00432748
 0 5 0.0655983 0.00462257
 0 6 0.063157 0.00425881
 0 7 0.0633003 0.00439128
 0 8 0.0621527 0.00426724
 0 9 0.0643975 0.00433855
 0 10 0.0653662 0.00454428
 0 11 0.0641191 0.00462363
 1 0 0.0645783 0.00451271
 1 1 0.0644209 0.00440475
 1 2 0.0665681 0.00459853
 1 3 0.0699445 0.004962
 1 4 0.064494 0.00437815
 1 5 0.0670733 0.00467063
 1 6 0.0686214 0.00479587
 1 7 0.0648938 0.00459909
 1 8 0.0642802 0.00451726
 1 9 0.064114 0.0044956
 1 10 0.065908 0.00460325
 1 11 0.0666326 0.00472113
 2 0 0.0643712 0.0046866
 2 1 0.0651427 0.00449866
 2 2 0.0631373 0.00452854
 2 3 0.0620679 0.00433896
 2 4 0.0659424 0.0047702
 2 5 0.068775 0.00479057
 2 6 0.0655161 0.00465148
 2 7 0.0656544 0.00459161
 2 8 0.065362 0.00452421
 2 9 0.0650873 0.00447582
 2 10 0.068702 0.00493397
 2 11 0.0691782 0.0051001
 3 0 0.063576 0.00461586
 3 1 0.0627052 0.00437342
 3 2 0.064029 0.00457302
 3 3 0.0614158 0.00426324
 3 4 0.0591551 0.00421849
 3 5 0.0645897 0.00453671
 3 6 0.0609758 0.00414231
 3 7 0.0673662 0.0047324
 3 8 0.0661377 0.00460429
 3 9 0.0637852 0.00435237
 3 10 0.0643241 0.00454892
 3 11 0.0642225 0.00456926
 4 0 0.0685337 0.0049089
 4 1 0.0652422 0.00475411
 4 2 0.0665339 0.00488456
 4 3 0.0674976 0.0047591
 4 4 0.0647982 0.00460271
 4 5 0.0668545 0.0048116
 4 6 0.0654623 0.0046887
 4 7 0.0655111 0.0047257
 4 8 0.0687998 0.00527079
 4 9 0.0657711 0.00461764
 4 10 0.0694532 0.0050027
 4 11 0.0669811 0.00475021
 5 0 0.0678352 0.00485184
 5 1 0.0652079 0.00466412
 5 2 0.0638851 0.0046086
 5 3 0.0639764 0.00455398
 5 4 0.0646297 0.0045344
 5 5 0.0633518 0.00462074
 5 6 0.0625682 0.00431336
 5 7 0.0653696 0.00465072
 5 8 0.0658904 0.00465506
 5 9 0.0676807 0.00494461
 5 10 0.061353 0.00439913
 5 11 0.0675484 0.004698
 6 0 0.0652645 0.00472958
 6 1 0.065929 0.00481926
 6 2 0.0660735 0.00473939
 6 3 0.0660554 0.0046108
 6 4 0.0695359 0.00500637
 6 5 0.068275 0.00491215
 6 6 0.0696047 0.00485886
 6 7 0.0698631 0.00512229
 6 8 0.0639932 0.00446094
 6 9 0.0656479 0.00480721
 6 10 0.0678831 0.0048508
 6 11 0.063117 0.00450095
 7 0 0.0666876 0.00507614
 7 1 0.0679517 0.00489592
 7 2 0.0663856 0.00476713
 7 3 0.0682167 0.004781
 7 4 0.0667963 0.00490863
 7 5 0.064785 0.00459783
 7 6 0.064478 0.00469497
 7 7 0.0659449 0.00478834
 7 8 0.0683312 0.00485131
 7 9 0.0668261 0.00487529
 7 10 0.0648131 0.00471821
 7 11 0.0660829 0.00469023
