 0 0 0 0 634.621 5.80922
 0 0 0 1 203.72 0.859742
 0 0 0 2 618.369 4.38384
 0 0 0 3 238.365 0.724878
 0 0 1 0 419.113 5.73681
 0 0 1 1 225.506 0.867359
 0 0 1 2 514.761 4.36158
 0 0 1 3 257.83 1.07284
 0 1 0 0 551.955 5.8208
 0 1 0 1 219.701 0.858616
 0 1 0 2 610.17 4.38969
 0 1 0 3 217.475 0.686978
 0 1 1 0 576.909 5.70945
 0 1 1 1 223.803 0.842729
 0 1 1 2 645.69 4.36241
 0 1 1 3 224.608 0.485693
 0 2 0 0 592.133 5.6449
 0 2 0 1 209.65 0.849921
 0 2 0 2 368.151 4.17005
 0 2 0 3 220.005 1.11081
 0 2 1 0 556.425 5.78854
 0 2 1 1 219.31 0.878386
 0 2 1 2 658.119 4.28808
 0 2 1 3 205.805 0.667288
 0 3 0 0 536.676 5.83162
 0 3 0 1 235.091 0.889386
 0 3 0 2 371.273 4.20617
 0 3 0 3 213.373 0.478703
 0 3 1 0 603.044 5.79031
 0 3 1 1 233.956 0.834639
 0 3 1 2 319.615 4.25874
 0 3 1 3 235.497 0.726366
 0 4 0 0 620.755 5.86085
 0 4 0 1 206.945 0.920616
 0 4 0 2 250.381 4.14372
 0 4 0 3 200.628 0.457263
 0 4 1 0 538.33 5.9714
 0 4 1 1 211.407 0.888896
 0 4 1 2 593.81 4.50087
 0 4 1 3 221.635 0.736941
 0 5 0 0 699.159 6.06802
 0 5 0 1 206.824 0.929685
 0 5 0 2 658.622 4.38323
 0 5 0 3 208.096 0.725808
 0 5 1 0 501.604 5.71189
 0 5 1 1 206.656 0.899142
 0 5 1 2 375.659 4.50512
 0 5 1 3 217.316 0.864464
 0 6 0 0 451.493 5.79418
 0 6 0 1 220.3 0.885928
 0 6 0 2 296.306 4.01728
 0 6 0 3 223.916 0.666773
 0 6 1 0 442.079 5.87618
 0 6 1 1 207.807 0.904794
 0 6 1 2 276.897 4.11476
 0 6 1 3 200.351 0.729695
 0 7 0 0 307.442 5.72017
 0 7 0 1 200.109 0.915237
 0 7 0 2 365.627 4.29411
 0 7 0 3 216.61 0.597439
 0 7 1 0 331.837 5.90943
 0 7 1 1 219.138 0.903358
 0 7 1 2 354.697 4.21444
 0 7 1 3 213.662 0.697506
 0 8 0 0 560.197 5.87217
 0 8 0 1 218.93 0.896297
 0 8 0 2 594.768 4.4307
 0 8 0 3 211.397 0.50052
 0 8 1 0 461.877 5.76724
 0 8 1 1 203.437 0.887048
 0 8 1 2 412.293 4.41926
 0 8 1 3 209.377 0.487627
 0 9 0 0 462.156 5.95563
 0 9 0 1 223.183 0.923446
 0 9 0 2 416.959 4.23463
 0 9 0 3 205.771 0.690094
 0 9 1 0 549.218 5.69077
 0 9 1 1 227.088 0.884667
 0 9 1 2 659.538 4.2937
 0 9 1 3 225.394 0.551771
 0 10 0 0 350.358 5.62322
 0 10 0 1 232.525 0.893055
 0 10 0 2 583.634 4.40096
 0 10 0 3 208.125 0.70351
 0 10 1 0 438.101 5.99994
 0 10 1 1 223.864 0.867915
 0 10 1 2 345.845 4.22309
 0 10 1 3 236.137 1.08221
 0 11 0 0 478.792 5.57763
 0 11 0 1 220.775 0.875075
 0 11 0 2 471.724 4.26188
 0 11 0 3 204.092 0.664295
 0 11 1 0 560.359 5.67228
 0 11 1 1 221.21 0.882101
 0 11 1 2 636.822 4.25908
 0 11 1 3 226.064 0.671368
 1 0 0 0 442.422 5.83598
 1 0 0 1 221.456 0.875809
 1 0 0 2 619.191 4.39475
 1 0 0 3 210.319 0.713993
 1 0 1 0 445.78 5.76154
 1 0 1 1 208.494 0.886575
 1 0 1 2 608.661 4.3401
 1 0 1 3 216.632 0.468211
 1 1 0 0 430.294 5.94048
 1 1 0 1 217.106 0.900488
 1 1 0 2 435.523 4.39494
 1 1 0 3 224.146 0.679874
 1 1 1 0 417.64 5.6743
 1 1 1 1 202.371 0.877501
 1 1 1 2 491.519 4.33565
 1 1 1 3 204.174 0.672859
 1 2 0 0 366.532 5.61
 1 2 0 1 208.066 0.8998
 1 2 0 2 467.672 4.31425
 1 2 0 3 230.364 0.7305
 1 2 1 0 380.117 5.49871
 1 2 1 1 197.948 0.803656
 1 2 1 2 410.443 4.14768
 1 2 1 3 210.277 0.698315
 1 3 0 0 522.653 5.78634
 1 3 0 1 226.95 0.886495
 1 3 0 2 470.976 4.31232
 1 3 0 3 230.538 0.857595
 1 3 1 0 389.268 5.51914
 1 3 1 1 215.683 0.847929
 1 3 1 2 502.141 4.24188
 1 3 1 3 215.438 0.811886
 1 4 0 0 457.716 5.66318
 1 4 0 1 224.702 0.891896
 1 4 0 2 374.053 4.27329
 1 4 0 3 208.102 0.662479
 1 4 1 0 494.019 5.93579
 1 4 1 1 211.453 0.878275
 1 4 1 2 347.211 4.32787
 1 4 1 3 193.857 0.699297
 1 5 0 0 441.411 5.7993
 1 5 0 1 197.976 0.86609
 1 5 0 2 467.776 4.33154
 1 5 0 3 202.234 0.717687
 1 5 1 0 449.102 5.70405
 1 5 1 1 203.324 0.865109
 1 5 1 2 523.713 4.26346
 1 5 1 3 194.042 0.677236
 1 6 0 0 774.452 5.89052
 1 6 0 1 210.922 0.894654
 1 6 0 2 460.503 4.29097
 1 6 0 3 193.971 0.680614
 1 6 1 0 581.985 5.9017
 1 6 1 1 215.749 0.868319
 1 6 1 2 744.994 4.4163
 1 6 1 3 213.38 0.468517
 1 7 0 0 428.221 5.70191
 1 7 0 1 207.773 0.862312
 1 7 0 2 335.377 4.24815
 1 7 0 3 227.751 0.733837
 1 7 1 0 578.426 5.67071
 1 7 1 1 216.176 0.892713
 1 7 1 2 573.966 4.41553
 1 7 1 3 196.615 0.557162
 1 8 0 0 489.406 5.78502
 1 8 0 1 212.607 0.901227
 1 8 0 2 507.576 4.32985
 1 8 0 3 209.76 1.04682
 1 8 1 0 496.292 5.75665
 1 8 1 1 195.29 0.877159
 1 8 1 2 361.343 4.3752
 1 8 1 3 227.758 0.686918
 1 9 0 0 414.972 5.54947
 1 9 0 1 198.544 0.89023
 1 9 0 2 328.634 4.13459
 1 9 0 3 191.374 0.46623
 1 9 1 0 536.54 5.75643
 1 9 1 1 204.123 0.905729
 1 9 1 2 284.852 4.16709
 1 9 1 3 197.383 0.521859
 1 10 0 0 694.231 5.84938
 1 10 0 1 220.745 0.900421
 1 10 0 2 557.242 4.35863
 1 10 0 3 207.432 0.55628
 1 10 1 0 390.172 5.71083
 1 10 1 1 222.635 0.921918
 1 10 1 2 325.376 4.18058
 1 10 1 3 224.213 0.680784
 1 11 0 0 337.668 5.64123
 1 11 0 1 218.715 0.88511
 1 11 0 2 555.271 4.34435
 1 11 0 3 221.896 0.689952
 1 11 1 0 590.532 5.88197
 1 11 1 1 220.075 0.894806
 1 11 1 2 562.934 4.51133
 1 11 1 3 211.482 0.696157
 2 0 0 0 603.116 5.68105
 2 0 0 1 229.768 0.825088
 2 0 0 2 512.22 4.14341
 2 0 0 3 214.058 1.10191
 2 0 1 0 396.483 5.61301
 2 0 1 1 218.753 0.881522
 2 0 1 2 313.793 4.2868
 2 0 1 3 228.214 0.722029
 2 1 0 0 382.006 5.81053
 2 1 0 1 177.221 0.887095
 2 1 0 2 305.571 4.21022
 2 1 0 3 168.177 0.689807
 2 1 1 0 398.521 5.68147
 2 1 1 1 209.726 0.838071
 2 1 1 2 697.622 4.32525
 2 1 1 3 208.127 0.684384
 2 2 0 0 584.568 6.08813
 2 2 0 1 190.66 0.929333
 2 2 0 2 578.912 4.51138
 2 2 0 3 183.423 0.813836
 2 2 1 0 463.956 6.2073
 2 2 1 1 215.33 0.933154
 2 2 1 2 562.174 4.4352
 2 2 1 3 215.433 0.809069
 2 3 0 0 484.053 5.74737
 2 3 0 1 234.228 0.904462
 2 3 0 2 623.766 4.32849
 2 3 0 3 207.862 0.682144
 2 3 1 0 407.2 5.76965
 2 3 1 1 216.714 0.895527
 2 3 1 2 710.871 4.50306
 2 3 1 3 199.977 0.682395
 2 4 0 0 423.384 5.74643
 2 4 0 1 211.761 0.849121
 2 4 0 2 497.803 4.27682
 2 4 0 3 187.501 0.712759
 2 4 1 0 619.461 5.75178
 2 4 1 1 185.015 0.884875
 2 4 1 2 595.227 4.25481
 2 4 1 3 187.684 0.709566
 2 5 0 0 489.176 5.83311
 2 5 0 1 211.182 0.881558
 2 5 0 2 660.004 4.28513
 2 5 0 3 220.184 0.642703
 2 5 1 0 549.855 5.92433
 2 5 1 1 210.739 0.905395
 2 5 1 2 772.283 4.43966
 2 5 1 3 202.62 0.494834
 2 6 0 0 435.798 5.93044
 2 6 0 1 182.325 0.928686
 2 6 0 2 348.022 4.24974
 2 6 0 3 195.713 0.710948
 2 6 1 0 551.299 5.84943
 2 6 1 1 227.663 0.859776
 2 6 1 2 654.374 4.40247
 2 6 1 3 219.726 0.721017
 2 7 0 0 546.704 5.72176
 2 7 0 1 201.608 0.845538
 2 7 0 2 496.866 4.38823
 2 7 0 3 195.637 0.722834
 2 7 1 0 363.764 5.85862
 2 7 1 1 216.018 0.873585
 2 7 1 2 732.893 4.39097
 2 7 1 3 224.547 0.838533
 2 8 0 0 472.461 5.72379
 2 8 0 1 173.046 0.893122
 2 8 0 2 476.457 4.3193
 2 8 0 3 205.395 0.48458
 2 8 1 0 482.303 5.73135
 2 8 1 1 203.869 0.822805
 2 8 1 2 466.882 4.32817
 2 8 1 3 214.016 0.684333
 2 9 0 0 498.423 5.79097
 2 9 0 1 225.723 0.837674
 2 9 0 2 395.063 4.19503
 2 9 0 3 207.483 0.687224
 2 9 1 0 544.156 5.89839
 2 9 1 1 197.672 0.872137
 2 9 1 2 365.473 4.23147
 2 9 1 3 175.826 0.691037
 2 10 0 0 425.867 5.84614
 2 10 0 1 216.221 0.912022
 2 10 0 2 538.926 4.26113
 2 10 0 3 220.622 0.499798
 2 10 1 0 395.195 5.77062
 2 10 1 1 179.5 0.865724
 2 10 1 2 412.176 4.309
 2 10 1 3 181.938 0.701545
 2 11 0 0 547.301 5.81462
 2 11 0 1 225.507 0.871059
 2 11 0 2 705.363 4.33792
 2 11 0 3 216.628 0.479058
 2 11 1 0 587.053 5.92459
 2 11 1 1 214.016 0.846456
 2 11 1 2 626.157 4.34928
 2 11 1 3 208.616 0.53465
 3 0 0 0 492.253 5.86674
 3 0 0 1 242.387 0.896386
 3 0 0 2 554.937 4.37368
 3 0 0 3 207.808 0.742967
 3 0 1 0 734.857 5.73242
 3 0 1 1 217.428 0.857639
 3 0 1 2 552.584 4.31598
 3 0 1 3 219.483 0.705933
 3 1 0 0 530.608 5.76167
 3 1 0 1 217.535 0.860237
 3 1 0 2 622.01 4.38307
 3 1 0 3 214.31 0.705011
 3 1 1 0 490.125 5.81304
 3 1 1 1 188.344 0.911514
 3 1 1 2 378.242 4.15142
 3 1 1 3 178.552 0.473276
 3 2 0 0 397.271 5.88326
 3 2 0 1 236.154 0.907141
 3 2 0 2 504.66 4.37607
 3 2 0 3 222.61 0.518882
 3 2 1 0 397.202 5.73061
 3 2 1 1 189.347 0.878343
 3 2 1 2 633.369 4.31328
 3 2 1 3 180.227 0.678165
 3 3 0 0 476.39 5.76747
 3 3 0 1 213.066 0.899367
 3 3 0 2 609.948 4.36686
 3 3 0 3 208.614 0.577983
 3 3 1 0 572.855 5.88207
 3 3 1 1 240.91 0.896977
 3 3 1 2 494.953 4.28492
 3 3 1 3 228.293 0.709587
 3 4 0 0 514.381 6.03252
 3 4 0 1 205.636 0.885824
 3 4 0 2 317.655 4.31459
 3 4 0 3 187.387 0.493613
 3 4 1 0 690.275 5.86148
 3 4 1 1 235.889 0.85483
 3 4 1 2 304.769 4.14193
 3 4 1 3 206.611 0.500651
 3 5 0 0 605.344 5.81708
 3 5 0 1 200.335 0.900805
 3 5 0 2 505.771 4.41009
 3 5 0 3 199.627 0.731767
 3 5 1 0 341.167 5.64762
 3 5 1 1 224.062 0.924751
 3 5 1 2 558.186 4.42323
 3 5 1 3 202.569 0.552093
 3 6 0 0 523.35 5.8354
 3 6 0 1 219.671 0.861924
 3 6 0 2 565.691 4.45851
 3 6 0 3 216.602 0.532993
 3 6 1 0 642.43 5.75796
 3 6 1 1 200.517 0.898646
 3 6 1 2 538.497 4.37809
 3 6 1 3 196.608 0.494573
 3 7 0 0 562.015 5.88827
 3 7 0 1 206.253 0.924525
 3 7 0 2 299.65 4.23243
 3 7 0 3 204.617 0.514733
 3 7 1 0 542.289 5.83747
 3 7 1 1 195.243 0.88836
 3 7 1 2 685.078 4.32572
 3 7 1 3 203.998 0.687936
 3 8 0 0 537.221 5.84003
 3 8 0 1 213.814 0.856488
 3 8 0 2 434.226 4.23634
 3 8 0 3 205.49 0.705954
 3 8 1 0 434.416 5.6824
 3 8 1 1 213.005 0.876835
 3 8 1 2 481.126 4.41445
 3 8 1 3 220.045 0.676747
 3 9 0 0 495.365 5.73769
 3 9 0 1 211.668 0.846461
 3 9 0 2 491.987 4.32876
 3 9 0 3 189.989 1.11089
 3 9 1 0 663.232 5.6874
 3 9 1 1 219.531 0.862334
 3 9 1 2 614.338 4.29754
 3 9 1 3 226.209 0.716174
 3 10 0 0 450.023 5.91094
 3 10 0 1 171.53 0.881103
 3 10 0 2 378.814 4.44215
 3 10 0 3 169.959 0.677282
 3 10 1 0 650.396 6.08711
 3 10 1 1 223.294 0.921394
 3 10 1 2 704.813 4.31684
 3 10 1 3 209.89 0.721853
 3 11 0 0 553.659 5.75092
 3 11 0 1 231.002 0.885258
 3 11 0 2 400.104 4.29957
 3 11 0 3 224.237 0.673942
 3 11 1 0 405.728 5.62509
 3 11 1 1 220.902 0.884402
 3 11 1 2 346.826 4.11339
 3 11 1 3 218.614 0.57395
 4 0 0 0 493.509 5.72052
 4 0 0 1 203.414 0.868907
 4 0 0 2 444.469 4.28342
 4 0 0 3 206.618 0.521617
 4 0 1 0 576.191 5.90275
 4 0 1 1 199.902 0.85606
 4 0 1 2 550.898 4.26589
 4 0 1 3 194.263 0.691271
 4 1 0 0 548.115 6.09586
 4 1 0 1 214.139 0.923456
 4 1 0 2 469.783 4.2951
 4 1 0 3 213.879 1.08789
 4 1 1 0 454.062 5.62949
 4 1 1 1 217.28 0.869047
 4 1 1 2 693.84 4.23086
 4 1 1 3 206.609 0.578423
 4 2 0 0 560.249 5.74484
 4 2 0 1 227.358 0.876739
 4 2 0 2 528.103 4.27482
 4 2 0 3 225.385 0.518902
 4 2 1 0 573.045 5.68388
 4 2 1 1 254.808 0.916714
 4 2 1 2 446.78 4.33715
 4 2 1 3 235.388 0.589427
 4 3 0 0 356.029 5.61384
 4 3 0 1 222.147 0.933304
 4 3 0 2 513.977 4.26003
 4 3 0 3 206.019 0.68364
 4 3 1 0 535.452 5.75508
 4 3 1 1 225.25 0.879313
 4 3 1 2 613.066 4.38799
 4 3 1 3 224.583 0.80616
 4 4 0 0 400.265 5.70374
 4 4 0 1 197.596 0.869183
 4 4 0 2 713.65 4.31864
 4 4 0 3 209.451 0.836748
 4 4 1 0 519.004 5.86664
 4 4 1 1 213.784 0.874749
 4 4 1 2 701.84 4.3086
 4 4 1 3 233.958 0.707577
 4 5 0 0 678.497 5.99478
 4 5 0 1 224.499 0.915582
 4 5 0 2 420.963 4.41143
 4 5 0 3 208.027 0.681517
 4 5 1 0 640.908 5.9037
 4 5 1 1 237.738 0.856827
 4 5 1 2 351.763 4.19719
 4 5 1 3 205.944 0.703806
 4 6 0 0 597.159 5.75756
 4 6 0 1 234.797 0.893728
 4 6 0 2 410.124 4.24758
 4 6 0 3 227.392 0.470052
 4 6 1 0 589.364 5.86543
 4 6 1 1 199.814 0.850578
 4 6 1 2 438.13 4.30266
 4 6 1 3 195.488 0.6748
 4 7 0 0 452.46 5.7417
 4 7 0 1 225.811 0.871397
 4 7 0 2 526.967 4.2714
 4 7 0 3 240.119 0.706165
 4 7 1 0 452.627 5.85402
 4 7 1 1 218.257 0.911675
 4 7 1 2 671.031 4.40549
 4 7 1 3 204.173 0.673752
 4 8 0 0 305.245 5.65577
 4 8 0 1 198.089 0.925243
 4 8 0 2 559.269 4.38309
 4 8 0 3 197.922 0.66887
 4 8 1 0 323.238 5.84161
 4 8 1 1 208.819 0.909058
 4 8 1 2 572.154 4.3812
 4 8 1 3 205.482 0.683329
 4 9 0 0 707.95 5.86988
 4 9 0 1 219.91 0.82487
 4 9 0 2 406.821 4.31088
 4 9 0 3 227.484 0.713041
 4 9 1 0 473.373 5.80684
 4 9 1 1 204.834 0.891252
 4 9 1 2 675.296 4.39372
 4 9 1 3 195.418 0.564094
 4 10 0 0 432.849 5.8752
 4 10 0 1 200.424 0.903446
 4 10 0 2 611.508 4.35919
 4 10 0 3 212.547 0.837722
 4 10 1 0 722.325 5.84124
 4 10 1 1 230.009 0.87759
 4 10 1 2 698.302 4.32991
 4 10 1 3 220.622 0.455741
 4 11 0 0 409.784 5.51386
 4 11 0 1 221.415 0.863503
 4 11 0 2 491.97 4.29
 4 11 0 3 206.034 0.727936
 4 11 1 0 639.931 5.68246
 4 11 1 1 232.36 0.873196
 4 11 1 2 463.933 4.35347
 4 11 1 3 197.904 0.69242
 5 0 0 0 645.75 5.66332
 5 0 0 1 215.374 0.876826
 5 0 0 2 316.411 4.28987
 5 0 0 3 232.621 0.514313
 5 0 1 0 540.299 5.78609
 5 0 1 1 212.771 0.895005
 5 0 1 2 419.804 4.24826
 5 0 1 3 188.157 1.07635
 5 1 0 0 393.293 5.85728
 5 1 0 1 208.153 0.920009
 5 1 0 2 603.291 4.32107
 5 1 0 3 216.514 0.709238
 5 1 1 0 483.146 5.81955
 5 1 1 1 229.382 0.887419
 5 1 1 2 775.681 4.38145
 5 1 1 3 244.212 0.724163
 5 2 0 0 626.423 5.96183
 5 2 0 1 227.45 0.891185
 5 2 0 2 611.414 4.40908
 5 2 0 3 227.468 0.859101
 5 2 1 0 652.442 5.83345
 5 2 1 1 195.586 0.865646
 5 2 1 2 534.389 4.65054
 5 2 1 3 218.52 0.725394
 5 3 0 0 508.111 5.93028
 5 3 0 1 230.837 0.926271
 5 3 0 2 546.93 4.41048
 5 3 0 3 226.629 0.473131
 5 3 1 0 550.998 5.77401
 5 3 1 1 216.84 0.897365
 5 3 1 2 463.248 4.32333
 5 3 1 3 219.926 1.09894
 5 4 0 0 560.949 5.83663
 5 4 0 1 206.725 0.938639
 5 4 0 2 623.063 4.34507
 5 4 0 3 219.855 0.713162
 5 4 1 0 659.513 6.09657
 5 4 1 1 228.637 0.927777
 5 4 1 2 551.19 4.48091
 5 4 1 3 212.512 0.729582
 5 5 0 0 619.214 5.7784
 5 5 0 1 210.344 0.899675
 5 5 0 2 471.113 4.33361
 5 5 0 3 217.484 0.700213
 5 5 1 0 445.864 5.69989
 5 5 1 1 199.694 0.864984
 5 5 1 2 628.339 4.29987
 5 5 1 3 203.726 0.666493
 5 6 0 0 766.084 5.7244
 5 6 0 1 221.055 0.882811
 5 6 0 2 450.953 4.17407
 5 6 0 3 214.57 0.798461
 5 6 1 0 546.3 5.84537
 5 6 1 1 218.876 0.895587
 5 6 1 2 428.605 4.36345
 5 6 1 3 203.389 0.479315
 5 7 0 0 441.469 5.72176
 5 7 0 1 210.285 0.90051
 5 7 0 2 612.772 4.28001
 5 7 0 3 207.379 0.506942
 5 7 1 0 668.621 5.81132
 5 7 1 1 201.121 0.888969
 5 7 1 2 569.63 4.32312
 5 7 1 3 201.82 0.671807
 5 8 0 0 586.036 5.75306
 5 8 0 1 207.278 0.879451
 5 8 0 2 504.521 4.32063
 5 8 0 3 209.872 0.684952
 5 8 1 0 611.353 5.73674
 5 8 1 1 216.048 0.869564
 5 8 1 2 405.172 4.18986
 5 8 1 3 239.89 0.722573
 5 9 0 0 404.781 5.69324
 5 9 0 1 206.443 0.901907
 5 9 0 2 679.026 4.27021
 5 9 0 3 198.616 0.566189
 5 9 1 0 487.748 5.86484
 5 9 1 1 223.901 0.854746
 5 9 1 2 808.721 4.24614
 5 9 1 3 241.512 0.705626
 5 10 0 0 467.522 6.02482
 5 10 0 1 201.38 0.895558
 5 10 0 2 548.073 4.33269
 5 10 0 3 208.268 1.03366
 5 10 1 0 474.608 5.80079
 5 10 1 1 213.496 0.865952
 5 10 1 2 389.146 4.1973
 5 10 1 3 218.519 0.700875
 5 11 0 0 342.221 5.45284
 5 11 0 1 187.546 0.84177
 5 11 0 2 260.15 4.09917
 5 11 0 3 175.857 0.679723
 5 11 1 0 423.393 5.67421
 5 11 1 1 205.698 0.851494
 5 11 1 2 699.642 4.29686
 5 11 1 3 211.957 0.724736
 6 0 0 0 446.302 5.74228
 6 0 0 1 240.054 0.891253
 6 0 0 2 432.596 4.24799
 6 0 0 3 213.764 1.04839
 6 0 1 0 585.286 6.29697
 6 0 1 1 215.799 0.90036
 6 0 1 2 660.028 4.2919
 6 0 1 3 201.456 0.84123
 6 1 0 0 460.154 6.0597
 6 1 0 1 171.316 0.898016
 6 1 0 2 340.556 4.30641
 6 1 0 3 156.617 0.518764
 6 1 1 0 536.46 5.77085
 6 1 1 1 219.957 0.805098
 6 1 1 2 685.449 4.31448
 6 1 1 3 219.64 0.730191
 6 2 0 0 377.572 5.59521
 6 2 0 1 206.984 0.895389
 6 2 0 2 412.942 4.26752
 6 2 0 3 198.116 1.08883
 6 2 1 0 748.458 6.01211
 6 2 1 1 238.662 0.927482
 6 2 1 2 609.459 4.44632
 6 2 1 3 240.559 0.813095
 6 3 0 0 661.015 5.73578
 6 3 0 1 230.24 0.909264
 6 3 0 2 555.398 4.36057
 6 3 0 3 212.613 0.501617
 6 3 1 0 520.822 5.85831
 6 3 1 1 199.279 0.896028
 6 3 1 2 573.536 4.24789
 6 3 1 3 202.629 0.451156
 6 4 0 0 549.152 5.82228
 6 4 0 1 195.952 0.816196
 6 4 0 2 432.853 4.52089
 6 4 0 3 199.821 0.690475
 6 4 1 0 385.805 5.76844
 6 4 1 1 193.672 0.845925
 6 4 1 2 356.832 4.25582
 6 4 1 3 180.373 0.724279
 6 5 0 0 393.197 5.63492
 6 5 0 1 214.019 0.864314
 6 5 0 2 387.388 4.31254
 6 5 0 3 221.714 0.724521
 6 5 1 0 713.574 6.04559
 6 5 1 1 203.605 0.874194
 6 5 1 2 628.505 4.44278
 6 5 1 3 199.39 0.517908
 6 6 0 0 504.791 5.63683
 6 6 0 1 210.889 0.88368
 6 6 0 2 386.715 4.1561
 6 6 0 3 193.715 0.663984
 6 6 1 0 437.497 5.89806
 6 6 1 1 208.658 0.904704
 6 6 1 2 403.366 4.25532
 6 6 1 3 209.374 0.474762
 6 7 0 0 541.747 5.82269
 6 7 0 1 190.896 0.895839
 6 7 0 2 306.741 4.14779
 6 7 0 3 181.495 0.722505
 6 7 1 0 352.976 5.80768
 6 7 1 1 207.294 0.903981
 6 7 1 2 401.219 4.41607
 6 7 1 3 211.941 0.703222
 6 8 0 0 470.526 5.8566
 6 8 0 1 196.94 0.890587
 6 8 0 2 538.222 4.30687
 6 8 0 3 212.066 1.1001
 6 8 1 0 600.708 5.90685
 6 8 1 1 220.909 0.89733
 6 8 1 2 545.099 4.35709
 6 8 1 3 192.622 0.478835
 6 9 0 0 644.082 5.8193
 6 9 0 1 230.361 0.899743
 6 9 0 2 477.606 4.33901
 6 9 0 3 219.39 0.473358
 6 9 1 0 512.855 5.88753
 6 9 1 1 196.145 0.937081
 6 9 1 2 364.672 4.32459
 6 9 1 3 199.454 0.84074
 6 10 0 0 403.138 5.81684
 6 10 0 1 230.355 0.892047
 6 10 0 2 514.745 4.31707
 6 10 0 3 231.38 0.512843
 6 10 1 0 455.686 5.87497
 6 10 1 1 175.728 0.86539
 6 10 1 2 443.23 4.34725
 6 10 1 3 156.572 0.811122
 6 11 0 0 605.766 5.94728
 6 11 0 1 212.665 0.903191
 6 11 0 2 653.237 4.29632
 6 11 0 3 228.196 0.719155
 6 11 1 0 359.13 5.80339
 6 11 1 1 200.821 0.899905
 6 11 1 2 581.369 4.39258
 6 11 1 3 215.389 0.506711
 7 0 0 0 504.717 5.72202
 7 0 0 1 195.833 0.839887
 7 0 0 2 478.008 4.35638
 7 0 0 3 213.956 0.705797
 7 0 1 0 502.935 5.97474
 7 0 1 1 204.933 0.907328
 7 0 1 2 538.192 4.29771
 7 0 1 3 214.617 0.547095
 7 1 0 0 420.301 5.52077
 7 1 0 1 198.386 0.893496
 7 1 0 2 481.185 4.27181
 7 1 0 3 212.619 0.495688
 7 1 1 0 459.006 5.86572
 7 1 1 1 174.337 0.926581
 7 1 1 2 715.79 4.34834
 7 1 1 3 168.49 0.682357
 7 2 0 0 614 5.79876
 7 2 0 1 219.869 0.803903
 7 2 0 2 441.641 4.29551
 7 2 0 3 200.19 0.669279
 7 2 1 0 449.027 5.64554
 7 2 1 1 177.07 0.877548
 7 2 1 2 319.303 4.29453
 7 2 1 3 170.278 0.720254
 7 3 0 0 540.593 5.80368
 7 3 0 1 207.58 0.875834
 7 3 0 2 576.776 4.32467
 7 3 0 3 204.249 0.706501
 7 3 1 0 579.864 5.89554
 7 3 1 1 195.613 0.866814
 7 3 1 2 627.357 4.33383
 7 3 1 3 214.556 0.820303
 7 4 0 0 323.817 5.42157
 7 4 0 1 176.963 0.879691
 7 4 0 2 481.307 4.17448
 7 4 0 3 194.505 0.695431
 7 4 1 0 490.864 5.80233
 7 4 1 1 222.355 0.927121
 7 4 1 2 394.687 4.39646
 7 4 1 3 209.639 0.728183
 7 5 0 0 466.581 5.73907
 7 5 0 1 225.873 0.821689
 7 5 0 2 607.777 4.34488
 7 5 0 3 207.379 0.501809
 7 5 1 0 686.447 5.89032
 7 5 1 1 223.975 0.882831
 7 5 1 2 610.187 4.30573
 7 5 1 3 201.385 0.438636
 7 6 0 0 501.935 5.78423
 7 6 0 1 234.912 0.883065
 7 6 0 2 487.358 4.20739
 7 6 0 3 228.621 0.509188
 7 6 1 0 403.694 5.70565
 7 6 1 1 208.956 0.894607
 7 6 1 2 570.594 4.17507
 7 6 1 3 203.868 0.684674
 7 7 0 0 546.266 5.64461
 7 7 0 1 216.851 0.870313
 7 7 0 2 291.57 4.04989
 7 7 0 3 204.205 0.683731
 7 7 1 0 626.831 5.84589
 7 7 1 1 193.094 0.885612
 7 7 1 2 486.27 4.22004
 7 7 1 3 177.378 0.47611
 7 8 0 0 714.837 5.81457
 7 8 0 1 214.427 0.902166
 7 8 0 2 498.492 4.20793
 7 8 0 3 226.673 0.864124
 7 8 1 0 496.991 5.82928
 7 8 1 1 202.171 0.916585
 7 8 1 2 658.284 4.32638
 7 8 1 3 197.446 0.512019
 7 9 0 0 488.378 5.89773
 7 9 0 1 196.358 0.918576
 7 9 0 2 690.824 4.39492
 7 9 0 3 187.412 0.613648
 7 9 1 0 482.456 5.96161
 7 9 1 1 211.943 0.882086
 7 9 1 2 459.844 4.35231
 7 9 1 3 223.389 0.512447
 7 10 0 0 303.392 6.02178
 7 10 0 1 160.103 0.944074
 7 10 0 2 294.487 4.1801
 7 10 0 3 159.394 0.510006
 7 10 1 0 380.07 5.64023
 7 10 1 1 199.233 0.89466
 7 10 1 2 717.298 4.34101
 7 10 1 3 200.68 0.865608
 7 11 0 0 772.773 5.68232
 7 11 0 1 225.991 0.800635
 7 11 0 2 638.54 4.2798
 7 11 0 3 215.389 0.455768
 7 11 1 0 501.763 5.93904
 7 11 1 1 230.543 0.914474
 7 11 1 2 345.835 4.14625
 7 11 1 3 240.616 0.492625
